f_time;copX;copY
0.010;1.723776;-0.791999
0.020;1.732774;-0.780362
0.030;1.741324;-0.767525
0.040;1.749150;-0.752654
0.050;1.756244;-0.735404
0.060;1.762802;-0.715975
0.070;1.769062;-0.695019
0.080;1.775153;-0.673434
0.090;1.780997;-0.652133
0.100;1.786340;-0.631877
0.110;1.790897;-0.613203
0.120;1.794583;-0.596466
0.130;1.797741;-0.581909
0.140;1.801224;-0.569726
0.150;1.806253;-0.560088
0.160;1.814076;-0.553137
0.170;1.825538;-0.548964
0.180;1.840773;-0.547547
0.190;1.859143;-0.548650
0.200;1.879465;-0.551723
0.210;1.900422;-0.555852
0.220;1.920999;-0.559832
0.230;1.940761;-0.562373
0.240;1.959917;-0.562397
0.250;1.979142;-0.559312
0.260;1.999242;-0.553152
0.270;2.020764;-0.544528
0.280;2.043703;-0.534411
0.290;2.067414;-0.523847
0.300;2.090746;-0.513705
0.310;2.112353;-0.504564
0.320;2.131029;-0.496767
0.330;2.145946;-0.490576
0.340;2.156718;-0.486291
0.350;2.163301;-0.484261
0.360;2.165847;-0.484765
0.370;2.164571;-0.487840
0.380;2.159685;-0.493183
0.390;2.151357;-0.500178
0.400;2.139694;-0.508091
0.410;2.124766;-0.516330
0.420;2.106677;-0.524638
0.430;2.085673;-0.533137
0.440;2.062223;-0.542227
0.450;2.037014;-0.552417
0.460;2.010866;-0.564164
0.470;1.984584;-0.577748
0.480;1.958800;-0.593201
0.490;1.933838;-0.610266
0.500;1.909655;-0.628450
0.510;1.885859;-0.647167
0.520;1.861802;-0.665944
0.530;1.836726;-0.684623
0.540;1.809908;-0.703451
0.550;1.780752;-0.723037
0.560;1.748762;-0.744187
0.570;1.713445;-0.767684
0.580;1.674200;-0.794075
0.590;1.630288;-0.823517
0.600;1.580905;-0.855738
0.610;1.525315;-0.890173
0.620;1.462957;-0.926238
0.630;1.393529;-0.963637
0.640;1.317020;-1.002558
0.650;1.233755;-1.043632
0.660;1.144420;-1.087631
0.670;1.050076;-1.135035
0.680;0.952106;-1.185633
0.690;0.852092;-1.238368
0.700;0.751648;-1.291477
0.710;0.652266;-1.342867
0.720;0.555254;-1.390540
0.730;0.461777;-1.432928
0.740;0.372953;-1.469075
0.750;0.289884;-1.498690
0.760;0.213572;-1.522106
0.770;0.144725;-1.540130
0.780;0.083606;-1.553792
0.790;0.029996;-1.564059
0.800;-0.016678;-1.571615
0.810;-0.057140;-1.576779
0.820;-0.092089;-1.579585
0.830;-0.122114;-1.579948
0.840;-0.147713;-1.577855
0.850;-0.169359;-1.573493
0.860;-0.187593;-1.567291
0.870;-0.203105;-1.559874
0.880;-0.216788;-1.551965
0.890;-0.229725;-1.544247
0.900;-0.243099;-1.537209
0.910;-0.258044;-1.530979
0.920;-0.275482;-1.525210
0.930;-0.295981;-1.519032
0.940;-0.319628;-1.511154
0.950;-0.345931;-1.500143
0.960;-0.373799;-1.484839
0.970;-0.401645;-1.464762
0.980;-0.427613;-1.440283
0.990;-0.449883;-1.412455
1.000;-0.466939;-1.382573
1.010;-0.477721;-1.351699
1.020;-0.481661;-1.320387
1.030;-0.478610;-1.288657
1.040;-0.468717;-1.256171
1.050;-0.452285;-1.222462
1.060;-0.429614;-1.187122
1.070;-0.400852;-1.149892
1.080;-0.365923;-1.110676
1.090;-0.324576;-1.069514
1.100;-0.276560;-1.026569
1.110;-0.221886;-0.982140
1.120;-0.161045;-0.936707
1.130;-0.095081;-0.891002
1.140;-0.025495;-0.846087
1.150;0.045994;-0.803370
1.160;0.117728;-0.764450
1.170;0.188331;-0.730766
1.180;0.256801;-0.703135
1.190;0.322466;-0.681412
1.200;0.384855;-0.664452
1.210;0.443541;-0.650422
1.220;0.498065;-0.637355
1.230;0.547941;-0.623726
1.240;0.592740;-0.608827
1.250;0.632155;-0.592809
1.260;0.666020;-0.576364
1.270;0.694284;-0.560208
1.280;0.716991;-0.544610
1.290;0.734313;-0.529182
1.300;0.746624;-0.513010
1.310;0.754557;-0.495069
1.320;0.758989;-0.474756
1.330;0.760922;-0.452330
1.340;0.761304;-0.429067
1.350;0.760843;-0.407077
1.360;0.759865;-0.388824
1.370;0.758251;-0.376553
1.380;0.755475;-0.371778
1.390;0.750762;-0.374967
1.400;0.743332;-0.385474
1.410;0.732666;-0.401718
1.420;0.718708;-0.421565
1.430;0.701936;-0.442818
1.440;0.683291;-0.463681
1.450;0.663980;-0.483078
1.460;0.645208;-0.500784
1.470;0.627912;-0.517365
1.480;0.612565;-0.533977
1.490;0.599087;-0.552073
1.500;0.586888;-0.573097
1.510;0.575017;-0.598196
1.520;0.562391;-0.628038
1.530;0.548003;-0.662759
1.540;0.531053;-0.702046
1.550;0.510969;-0.745287
1.560;0.487334;-0.791720
1.570;0.459780;-0.840526
1.580;0.427924;-0.890871
1.590;0.391384;-0.941936
1.600;0.349873;-0.992970
1.610;0.303338;-1.043374
1.620;0.252025;-1.092746
1.630;0.196460;-1.140894
1.640;0.137338;-1.187813
1.650;0.075391;-1.233696
1.660;0.011289;-1.278921
1.670;-0.054409;-1.323980
1.680;-0.121248;-1.369302
1.690;-0.188838;-1.415023
1.700;-0.256787;-1.460815
1.710;-0.324626;-1.505875
1.720;-0.391695;-1.549099
1.730;-0.457016;-1.589364
1.740;-0.519221;-1.625799
1.750;-0.576600;-1.657913
1.760;-0.627312;-1.685556
1.770;-0.669701;-1.708761
1.780;-0.702613;-1.727555
1.790;-0.725581;-1.741862
1.800;-0.738835;-1.751553
1.810;-0.743144;-1.756631
1.820;-0.739592;-1.757441
1.830;-0.729368;-1.754775
1.840;-0.713643;-1.749793
1.850;-0.693541;-1.743773
1.860;-0.670149;-1.737799
1.870;-0.644510;-1.732517
1.880;-0.617573;-1.728083
1.890;-0.590173;-1.724287
1.900;-0.563054;-1.720790
1.910;-0.536954;-1.717306
1.920;-0.512663;-1.713670
1.930;-0.491000;-1.709764
1.940;-0.472707;-1.705390
1.950;-0.458290;-1.700223
1.960;-0.447873;-1.693886
1.970;-0.441069;-1.686091
1.980;-0.436914;-1.676713
1.990;-0.433879;-1.665716
2.000;-0.430012;-1.653015
2.010;-0.423182;-1.638392
2.020;-0.411385;-1.621555
2.030;-0.393022;-1.602297
2.040;-0.367052;-1.580637
2.050;-0.333000;-1.556845
2.060;-0.290820;-1.531381
2.070;-0.240721;-1.504773
2.080;-0.183047;-1.477527
2.090;-0.118291;-1.450077
2.100;-0.047197;-1.422769
2.110;0.029143;-1.395878
2.120;0.109327;-1.369636
2.130;0.191841;-1.344267
2.140;0.275350;-1.320003
2.150;0.358920;-1.297034
2.160;0.442095;-1.275402
2.170;0.524775;-1.254939
2.180;0.607003;-1.235304
2.190;0.688749;-1.216127
2.200;0.769784;-1.197140
2.210;0.849699;-1.178222
2.220;0.928012;-1.159370
2.230;1.004312;-1.140631
2.240;1.078326;-1.122014
2.250;1.149883;-1.103422
2.260;1.218805;-1.084647
2.270;1.284792;-1.065484
2.280;1.347384;-1.045918
2.290;1.405991;-1.026282
2.300;1.460011;-1.007255
2.310;1.508956;-0.989713
2.320;1.552533;-0.974489
2.330;1.590661;-0.962188
2.340;1.623420;-0.953102
2.350;1.651004;-0.947254
2.360;1.673704;-0.944525
2.370;1.691914;-0.944786
2.380;1.706123;-0.948006
2.390;1.716888;-0.954287
2.400;1.724750;-0.963827
2.410;1.730129;-0.976870
2.420;1.733211;-0.993657
2.430;1.733923;-1.014378
2.440;1.732012;-1.039080
2.450;1.727206;-1.067536
2.460;1.719417;-1.099156
2.470;1.708917;-1.132979
2.480;1.696428;-1.167768
2.490;1.683084;-1.202129
2.500;1.670247;-1.234654
2.510;1.659202;-1.264066
2.520;1.650866;-1.289398
2.530;1.645620;-1.310157
2.540;1.643346;-1.326407
2.550;1.643620;-1.338736
2.560;1.645927;-1.348103
2.570;1.649803;-1.355616
2.580;1.654861;-1.362296
2.590;1.660759;-1.368919
2.600;1.667165;-1.375970
2.610;1.673744;-1.383721
2.620;1.680179;-1.392338
2.630;1.686198;-1.402003
2.640;1.691577;-1.412962
2.650;1.696086;-1.425504
2.660;1.699419;-1.439848
2.670;1.701128;-1.455961
2.680;1.700648;-1.473407
2.690;1.697397;-1.491300
2.700;1.690926;-1.508422
2.710;1.681009;-1.523498
2.720;1.667636;-1.535542
2.730;1.650931;-1.544160
2.740;1.631031;-1.549676
2.750;1.608010;-1.553024
2.760;1.581846;-1.555431
2.770;1.552472;-1.557999
2.780;1.519846;-1.561360
2.790;1.484025;-1.565556
2.800;1.445186;-1.570139
2.810;1.403622;-1.574447
2.820;1.359748;-1.577889
2.830;1.314187;-1.580177
2.840;1.267865;-1.581425
2.850;1.222063;-1.582100
2.860;1.178316;-1.582857
2.870;1.138196;-1.584303
2.880;1.103072;-1.586810
2.890;1.073942;-1.590425
2.900;1.051355;-1.594909
2.910;1.035419;-1.599859
2.920;1.025843;-1.604837
2.930;1.022025;-1.609496
2.940;1.023169;-1.613675
2.950;1.028405;-1.617457
2.960;1.036898;-1.621181
2.970;1.047954;-1.625388
2.980;1.061096;-1.630714
2.990;1.076092;-1.637780
3.000;1.092918;-1.647085
3.010;1.111669;-1.658917
3.020;1.132450;-1.673276
3.030;1.155273;-1.689815
3.040;1.179964;-1.707826
3.050;1.206096;-1.726312
3.060;1.232959;-1.744124
3.070;1.259620;-1.760143
3.080;1.285099;-1.773476
3.090;1.308640;-1.783628
3.100;1.329954;-1.790616
3.110;1.349307;-1.794976
3.120;1.367390;-1.797612
3.130;1.385051;-1.799530
3.140;1.403016;-1.801520
3.150;1.421723;-1.803927
3.160;1.441312;-1.806592
3.170;1.461717;-1.808976
3.180;1.482800;-1.810403
3.190;1.504447;-1.810316
3.200;1.526608;-1.808465
3.210;1.549244;-1.804949
3.220;1.572238;-1.800123
3.230;1.595339;-1.794422
3.240;1.618158;-1.788197
3.250;1.640228;-1.781605
3.260;1.661092;-1.774597
3.270;1.680380;-1.766990
3.280;1.697844;-1.758593
3.290;1.713309;-1.749344
3.300;1.726557;-1.739406
3.310;1.737239;-1.729211
3.320;1.744904;-1.719428
3.330;1.749181;-1.710869
3.340;1.750006;-1.704333
3.350;1.747752;-1.700419
3.360;1.743161;-1.699374
3.370;1.737094;-1.701035
3.380;1.730261;-1.704883
3.390;1.723053;-1.710221
3.400;1.715557;-1.716370
3.410;1.707690;-1.722804
3.420;1.699392;-1.729138
3.430;1.690776;-1.735024
3.440;1.682182;-1.740046
3.450;1.674115;-1.743734
3.460;1.667106;-1.745700
3.470;1.661567;-1.745845
3.480;1.657680;-1.744510
3.490;1.655360;-1.742463
3.500;1.654283;-1.740716
3.510;1.653987;-1.740255
3.520;1.654028;-1.741778
3.530;1.654132;-1.745567
3.540;1.654297;-1.751489
3.550;1.654771;-1.759093
3.560;1.655920;-1.767755
3.570;1.658036;-1.776852
3.580;1.661182;-1.785928
3.590;1.665164;-1.794822
3.600;1.669647;-1.803707
3.610;1.674324;-1.812977
3.620;1.679025;-1.823049
3.630;1.683704;-1.834138
3.640;1.688365;-1.846160
3.650;1.692984;-1.858802
3.660;1.697506;-1.871724
3.670;1.701876;-1.884781
3.680;1.706078;-1.898115
3.690;1.710112;-1.912100
3.700;1.713947;-1.927196
3.710;1.717490;-1.943799
3.720;1.720601;-1.962182
3.730;1.723147;-1.982490
3.740;1.725072;-2.004751
3.750;1.726441;-2.028830
3.760;1.727469;-2.054381
3.770;1.728488;-2.080859
3.780;1.729868;-2.107646
3.790;1.731887;-2.134249
3.800;1.734595;-2.160453
3.810;1.737759;-2.186356
3.820;1.740943;-2.212295
3.830;1.743724;-2.238749
3.840;1.745938;-2.266261
3.850;1.747816;-2.295337
3.860;1.749953;-2.326288
3.870;1.753112;-2.359052
3.880;1.757961;-2.393125
3.890;1.764830;-2.427667
3.900;1.773580;-2.461774
3.910;1.783636;-2.494784
3.920;1.794191;-2.526444
3.930;1.804469;-2.556859
3.940;1.813949;-2.586279
3.950;1.822458;-2.614852
3.960;1.830154;-2.642515
3.970;1.837448;-2.669058
3.980;1.844907;-2.694285
3.990;1.853137;-2.718130
4.000;1.862651;-2.740691
4.010;1.873728;-2.762182
4.020;1.886318;-2.782879
4.030;1.900018;-2.803053
4.040;1.914131;-2.822895
4.050;1.927795;-2.842447
4.060;1.940151;-2.861555
4.070;1.950513;-2.879898
4.080;1.958497;-2.897058
4.090;1.964076;-2.912641
4.100;1.967550;-2.926421
4.110;1.969431;-2.938460
4.120;1.970271;-2.949157
4.130;1.970443;-2.959162
4.140;1.969992;-2.969207
4.150;1.968595;-2.979903
4.160;1.965712;-2.991599
4.170;1.960836;-3.004341
4.180;1.953741;-3.017963
4.190;1.944587;-3.032252
4.200;1.933845;-3.047141
4.210;1.922067;-3.062797
4.220;1.909608;-3.079595
4.230;1.896441;-3.097981
4.240;1.882166;-3.118308
4.250;1.866190;-3.140678
4.260;1.848003;-3.164815
4.270;1.827436;-3.189990
4.280;1.804823;-3.215060
4.290;1.781010;-3.238651
4.300;1.757172;-3.259444
4.310;1.734510;-3.276503
4.320;1.713914;-3.289534
4.330;1.695771;-3.298964
4.340;1.679968;-3.305786
4.350;1.666080;-3.311198
4.360;1.653635;-3.316225
4.370;1.642323;-3.321469
4.380;1.632060;-3.327100
4.390;1.622938;-3.333038
4.400;1.615092;-3.339165
4.410;1.608570;-3.345425
4.420;1.603265;-3.351732
4.430;1.598921;-3.357779
4.440;1.595216;-3.362890
4.450;1.591852;-3.366032
4.460;1.588599;-3.365975
4.470;1.585273;-3.361559
4.480;1.581675;-3.351951
4.490;1.577593;-3.336837
4.500;1.572884;-3.316460
4.510;1.567630;-3.291470
4.520;1.562253;-3.262648
4.530;1.557494;-3.230666
4.540;1.554210;-3.196014
4.550;1.553054;-3.159142
4.560;1.554200;-3.120695
4.570;1.557208;-3.081650
4.580;1.561102;-3.043243
4.590;1.564605;-3.006680
4.600;1.566441;-2.972776
4.610;1.565572;-2.941709
4.620;1.561323;-2.912970
4.630;1.553398;-2.885522
4.640;1.541824;-2.858054
4.650;1.526862;-2.829263
4.660;1.508922;-2.798039
4.670;1.488449;-2.763549
4.680;1.465817;-2.725198
4.690;1.441240;-2.682550
4.700;1.414737;-2.635284
4.710;1.386168;-2.583249
4.720;1.355337;-2.526564
4.730;1.322125;-2.465687
4.740;1.286567;-2.401396
4.750;1.248843;-2.334676
4.760;1.209148;-2.266566
4.770;1.167522;-2.198009
4.780;1.123720;-2.129737
4.790;1.077200;-2.062194
4.800;1.027268;-1.995522
4.810;0.973313;-1.929648
4.820;0.915050;-1.864470
4.830;0.852664;-1.800080
4.840;0.786837;-1.736908
4.850;0.718695;-1.675646
4.860;0.649692;-1.617011
4.870;0.581469;-1.561462
4.880;0.515685;-1.509091
4.890;0.453861;-1.459705
4.900;0.397241;-1.413024
4.910;0.346703;-1.368789
4.920;0.302716;-1.326722
4.930;0.265341;-1.286401
4.940;0.234272;-1.247201
4.950;0.208923;-1.208374
4.960;0.188555;-1.169278
4.970;0.172417;-1.129591
4.980;0.159857;-1.089391
4.990;0.150343;-1.049028
5.000;0.143381;-1.008926
5.010;0.138404;-0.969438
5.020;0.134701;-0.930864
5.030;0.131415;-0.893500
5.040;0.127602;-0.857617
5.050;0.122306;-0.823333
5.060;0.114616;-0.790480
5.070;0.103718;-0.758590
5.080;0.088979;-0.727057
5.090;0.070072;-0.695375
5.100;0.047124;-0.663329
5.110;0.020804;-0.631020
5.120;-0.007699;-0.598702
5.130;-0.036842;-0.566511
5.140;-0.064981;-0.534225
5.150;-0.090612;-0.501205
5.160;-0.112543;-0.466555
5.170;-0.129970;-0.429449
5.180;-0.142487;-0.389482
5.190;-0.150055;-0.346867
5.200;-0.152927;-0.302370
5.210;-0.151525;-0.257019
5.220;-0.146310;-0.211740
5.230;-0.137689;-0.167095
5.240;-0.125992;-0.123214
5.250;-0.111508;-0.079873
5.260;-0.094553;-0.036610
5.270;-0.075528;0.007171
5.280;-0.054942;0.052077
5.290;-0.033394;0.098591
5.300;-0.011534;0.146940
5.310;0.009972;0.197039
5.320;0.030439;0.248521
5.330;0.049159;0.300842
5.340;0.065408;0.353407
5.350;0.078473;0.405667
5.360;0.087708;0.457189
5.370;0.092590;0.507645
5.380;0.092765;0.556746
5.390;0.088063;0.604140
5.400;0.078484;0.649326
5.410;0.064131;0.691663
5.420;0.045121;0.730510
5.430;0.021513;0.765514
5.440;-0.006700;0.796892
5.450;-0.039516;0.825546
5.460;-0.076801;0.852840
5.470;-0.118165;0.880084
5.480;-0.162899;0.907970
5.490;-0.209997;0.936267
5.500;-0.258266;0.963977
5.510;-0.306508;0.989880
5.520;-0.353739;1.013192
5.530;-0.399390;1.034001
5.540;-0.443397;1.053292
5.550;-0.486155;1.072583
5.560;-0.528294;1.093365
5.570;-0.570388;1.116622
5.580;-0.612688;1.142615
5.590;-0.655011;1.170971
5.600;-0.696803;1.200963
5.610;-0.737349;1.231793
5.620;-0.776024;1.262787
5.630;-0.812467;1.293432
5.640;-0.846639;1.323307
5.650;-0.878783;1.351985
5.660;-0.909336;1.378960
5.670;-0.938850;1.403639
5.680;-0.967910;1.425407
5.690;-0.997016;1.443758
5.700;-1.026451;1.458471
5.710;-1.056186;1.469735
5.720;-1.085886;1.478151
5.730;-1.115036;1.484572
5.740;-1.143146;1.489840
5.750;-1.169939;1.494550
5.760;-1.195421;1.498943
5.770;-1.219802;1.502977
5.780;-1.243271;1.506493
5.790;-1.265728;1.509379
5.800;-1.286589;1.511648
5.810;-1.304761;1.513438
5.820;-1.318788;1.514978
5.830;-1.327110;1.516522
5.840;-1.328376;1.518262
5.850;-1.321686;1.520229
5.860;-1.306707;1.522225
5.870;-1.283614;1.523800
5.880;-1.252926;1.524306
5.890;-1.215336;1.523005
5.900;-1.171609;1.519241
5.910;-1.122573;1.512591
5.920;-1.069138;1.502920
5.930;-1.012323;1.490292
5.940;-0.953246;1.474821
5.950;-0.893100;1.456570
5.960;-0.833112;1.435595
5.970;-0.774523;1.412136
5.980;-0.718577;1.386827
5.990;-0.666522;1.360776
6.000;-0.619581;1.335391
6.010;-0.578870;1.312016
6.020;-0.545258;1.291557
6.030;-0.519227;1.274269
6.040;-0.500797;1.259791
6.050;-0.489535;1.247367
6.060;-0.484633;1.236146
6.070;-0.485009;1.225436
6.080;-0.489376;1.214818
6.090;-0.496302;1.204114
6.100;-0.504284;1.193247
6.110;-0.511886;1.182087
6.120;-0.517916;1.170398
6.130;-0.521614;1.157889
6.140;-0.522757;1.144336
6.150;-0.521635;1.129681
6.160;-0.518884;1.114094
6.170;-0.515250;1.097984
6.180;-0.511374;1.081968
6.190;-0.507646;1.066792
6.200;-0.504139;1.053199
6.210;-0.500598;1.041741
6.220;-0.496454;1.032596
6.230;-0.490888;1.025438
6.240;-0.482916;1.019447
6.250;-0.471507;1.013471
6.260;-0.455724;1.006301
6.270;-0.434885;0.996945
6.280;-0.408744;0.984805
6.290;-0.377650;0.969703
6.300;-0.342601;0.951800
6.310;-0.305157;0.931460
6.320;-0.267197;0.909102
6.330;-0.230557;0.885071
6.340;-0.196668;0.859573
6.350;-0.166298;0.832710
6.360;-0.139471;0.804617
6.370;-0.115580;0.775656
6.380;-0.093663;0.746573
6.390;-0.072731;0.718513
6.400;-0.052058;0.692821
6.410;-0.031358;0.670680
6.420;-0.010818;0.652703
6.430;0.008992;0.638682
6.440;0.027284;0.627656
6.450;0.043235;0.618277
6.460;0.056112;0.609337
6.470;0.065331;0.600190
6.480;0.070471;0.590896
6.490;0.071304;0.582000
6.500;0.067862;0.574088
6.510;0.060519;0.567316
6.520;0.050013;0.561173
6.530;0.037366;0.554563
6.540;0.023722;0.546129
6.550;0.010165;0.534617
6.560;-0.002402;0.519121
6.570;-0.013297;0.499167
6.580;-0.022043;0.474723
6.590;-0.028333;0.446159
6.600;-0.032004;0.414173
6.610;-0.033031;0.379650
6.620;-0.031528;0.343469
6.630;-0.027728;0.306297
6.640;-0.021929;0.268451
6.650;-0.014401;0.229845
6.660;-0.005288;0.190030
6.670;0.005456;0.148299
6.680;0.018059;0.103838
6.690;0.032864;0.055900
6.700;0.050210;0.003984
6.710;0.070306;-0.052028
6.720;0.093098;-0.111799
6.730;0.118192;-0.174577
6.740;0.144858;-0.239348
6.750;0.172169;-0.305064
6.760;0.199203;-0.370882
6.770;0.225274;-0.436316
6.780;0.250089;-0.501277
6.790;0.273775;-0.565997
6.800;0.296782;-0.630904
6.810;0.319680;-0.696463
6.820;0.342938;-0.763011
6.830;0.366748;-0.830609
6.840;0.390952;-0.898980
6.850;0.415109;-0.967568
6.860;0.438666;-1.035685
6.870;0.461186;-1.102659
6.880;0.482498;-1.167912
6.890;0.502722;-1.230984
6.900;0.522150;-1.291527
6.910;0.541106;-1.349273
6.920;0.559858;-1.403976
6.930;0.578607;-1.455292
6.940;0.597516;-1.502643
6.950;0.616725;-1.545167
6.960;0.636332;-1.581861
6.970;0.656333;-1.611928
6.980;0.676564;-1.635167
6.990;0.696672;-1.652218
7.000;0.716171;-1.664500
7.010;0.734571;-1.673875
7.020;0.751534;-1.682212
7.030;0.766984;-1.691027
7.040;0.781113;-1.701344
7.050;0.794293;-1.713728
7.060;0.806938;-1.728392
7.070;0.819397;-1.745272
7.080;0.831897;-1.764073
7.090;0.844549;-1.784297
7.100;0.857375;-1.805340
7.110;0.870349;-1.826618
7.120;0.883434;-1.847702
7.130;0.896602;-1.868348
7.140;0.909824;-1.888401
7.150;0.923025;-1.907588
7.160;0.936021;-1.925308
7.170;0.948479;-1.940551
7.180;0.959936;-1.952047
7.190;0.969888;-1.958640
7.200;0.977913;-1.959732
7.210;0.983763;-1.955577
7.220;0.987369;-1.947253
7.230;0.988790;-1.936304
7.240;0.988164;-1.924231
7.250;0.985719;-1.912039
7.260;0.981832;-1.900027
7.270;0.977064;-1.887846
7.280;0.972136;-1.874755
7.290;0.967819;-1.859915
7.300;0.964839;-1.842590
7.310;0.963830;-1.822251
7.320;0.965366;-1.798579
7.330;0.970000;-1.771453
7.340;0.978278;-1.740937
7.350;0.990682;-1.707283
7.360;1.007523;-1.670917
7.370;1.028793;-1.632361
7.380;1.054072;-1.592105
7.390;1.082514;-1.550474
7.400;1.113000;-1.507569
7.410;1.144399;-1.463308
7.420;1.175892;-1.417540
7.430;1.207214;-1.370192
7.440;1.238716;-1.321380
7.450;1.271174;-1.271432
7.460;1.305367;-1.220841
7.470;1.341609;-1.170194
7.480;1.379428;-1.120121
7.490;1.417580;-1.071240
7.500;1.454358;-1.024074
7.510;1.488059;-0.978928
7.520;1.517402;-0.935819
7.530;1.541763;-0.894521
7.540;1.561188;-0.854721
7.550;1.576239;-0.816213
7.560;1.587748;-0.779033
7.570;1.596582;-0.743476
7.580;1.603459;-0.709984
7.590;1.608836;-0.678951
7.600;1.612846;-0.650542
7.610;1.615310;-0.624590
7.620;1.615845;-0.600609
7.630;1.614088;-0.577893
7.640;1.609966;-0.555660
7.650;1.603873;-0.533167
7.660;1.596651;-0.509789
7.670;1.589349;-0.485060
7.680;1.582870;-0.458733
7.690;1.577666;-0.430839
7.700;1.573600;-0.401714
7.710;1.570050;-0.371933
7.720;1.566160;-0.342161
7.730;1.561117;-0.312977
7.740;1.554307;-0.284766
7.750;1.545314;-0.257719
7.760;1.533806;-0.231904
7.770;1.519402;-0.207334
7.780;1.501607;-0.183957
7.790;1.479854;-0.161554
7.800;1.453641;-0.139628
7.810;1.422665;-0.117319
7.820;1.386892;-0.093451
7.830;1.346527;-0.066732
7.840;1.301944;-0.036084
7.850;1.253649;-0.001018
7.860;1.202312;0.038087
7.870;1.148825;0.079927
7.880;1.094330;0.122508
7.890;1.040194;0.163615
7.900;0.987955;0.201353
7.910;0.939253;0.234573
7.920;0.895736;0.263026
7.930;0.858893;0.287247
7.940;0.829858;0.308236
7.950;0.809234;0.327084
7.960;0.797006;0.344666
7.970;0.792531;0.361506
7.980;0.794618;0.377785
7.990;0.801666;0.393468
8.000;0.811904;0.408417
8.010;0.823657;0.422446
8.020;0.835609;0.435288
8.030;0.846951;0.446529
8.040;0.857412;0.455592
8.050;0.867159;0.461796
8.060;0.876617;0.464514
8.070;0.886252;0.463342
8.080;0.896386;0.458200
8.090;0.907081;0.449320
8.100;0.918166;0.437137
8.110;0.929358;0.422140
8.120;0.940458;0.404763
8.130;0.951523;0.385354
8.140;0.962948;0.364222
8.150;0.975412;0.341737
8.160;0.989668;0.318413
8.170;1.006277;0.294913
8.180;1.025388;0.271948
8.190;1.046653;0.250129
8.200;1.069295;0.229834
8.210;1.092246;0.211189
8.220;1.114279;0.194179
8.230;1.134092;0.178811
8.240;1.150379;0.165217
8.250;1.161928;0.153595
8.260;1.167757;0.143998
8.270;1.167252;0.136109
8.280;1.160265;0.129139
8.290;1.147106;0.121962
8.300;1.128429;0.113451
8.310;1.105021;0.102860
8.320;1.077587;0.090070
8.330;1.046593;0.075575
8.340;1.012237;0.060228
8.350;0.974522;0.044890
8.360;0.933382;0.030151
8.370;0.888820;0.016225
8.380;0.841014;0.002999
8.390;0.790364;-0.009809
8.400;0.737459;-0.022503
8.410;0.682951;-0.035317
8.420;0.627391;-0.048436
8.430;0.571075;-0.062090
8.440;0.513969;-0.076664
8.450;0.455761;-0.092720
8.460;0.396042;-0.110893
8.470;0.334592;-0.131699
8.480;0.271654;-0.155338
8.490;0.208039;-0.181594
8.500;0.145000;-0.209862
8.510;0.083889;-0.239291
8.520;0.025753;-0.268993
8.530;-0.028946;-0.298255
8.540;-0.080378;-0.326659
8.550;-0.129155;-0.354108
8.560;-0.176003;-0.380765
8.570;-0.221439;-0.406974
8.580;-0.265545;-0.433180
8.590;-0.307898;-0.459841
8.600;-0.347680;-0.487330
8.610;-0.383922;-0.515844
8.620;-0.415838;-0.545355
8.630;-0.443086;-0.575632
8.640;-0.465889;-0.606338
8.650;-0.484962;-0.637177
8.660;-0.501305;-0.667994
8.670;-0.515953;-0.698788
8.680;-0.529762;-0.729624
8.690;-0.543298;-0.760531
8.700;-0.556866;-0.791476
8.710;-0.570622;-0.822432
8.720;-0.584700;-0.853479
8.730;-0.599282;-0.884852
8.740;-0.614587;-0.916841
8.750;-0.630775;-0.949596
8.760;-0.647846;-0.982936
8.770;-0.665570;-1.016269
8.780;-0.683519;-1.048610
8.790;-0.701164;-1.078683
8.800;-0.717981;-1.105079
8.810;-0.733495;-1.126484
8.820;-0.747277;-1.141975
8.830;-0.758941;-1.151286
8.840;-0.768198;-1.154915
8.850;-0.774964;-1.153998
8.860;-0.779457;-1.149959
8.870;-0.782187;-1.144077
8.880;-0.783811;-1.137161
8.890;-0.784928;-1.129432
8.900;-0.785909;-1.120650
8.910;-0.786854;-1.110387
8.920;-0.787697;-1.098374
8.930;-0.788410;-1.084771
8.940;-0.789206;-1.070246
8.950;-0.790640;-1.055795
8.960;-0.793561;-1.042359
8.970;-0.798927;-1.030445
8.980;-0.807577;-1.019929
8.990;-0.820055;-1.010149
9.000;-0.836565;-1.000213
9.010;-0.857021;-0.989342
9.020;-0.881150;-0.977087
9.030;-0.908576;-0.963347
9.040;-0.938900;-0.948197
9.050;-0.971763;-0.931639
9.060;-1.006860;-0.913393
9.070;-1.043883;-0.892846
9.080;-1.082399;-0.869223
9.090;-1.121736;-0.841904
9.100;-1.160949;-0.810777
9.110;-1.198889;-0.776434
9.120;-1.234366;-0.740108
9.130;-1.266345;-0.703386
9.140;-1.294084;-0.667825
9.150;-1.317187;-0.634631
9.160;-1.335536;-0.604490
9.170;-1.349152;-0.577561
9.180;-1.358099;-0.553617
9.190;-1.362482;-0.532258
9.200;-1.362538;-0.513115
9.210;-1.358736;-0.495945
9.220;-1.351825;-0.480598
9.230;-1.342782;-0.466910
9.240;-1.332696;-0.454649
9.250;-1.322622;-0.443545
9.260;-1.313473;-0.433385
9.270;-1.305966;-0.424073
9.280;-1.300609;-0.415627
9.290;-1.297705;-0.408117
9.300;-1.297346;-0.401577
9.310;-1.299437;-0.395962
9.320;-1.303771;-0.391126
9.330;-1.310126;-0.386843
9.340;-1.318344;-0.382826
9.350;-1.328343;-0.378772
9.360;-1.340063;-0.374401
9.370;-1.353383;-0.369510
9.380;-1.368055;-0.364002
9.390;-1.383670;-0.357885
9.400;-1.399679;-0.351264
9.410;-1.415440;-0.344310
9.420;-1.430295;-0.337192
9.430;-1.443614;-0.329948
9.440;-1.454816;-0.322334
9.450;-1.463384;-0.313772
9.460;-1.468895;-0.303494
9.470;-1.471074;-0.290861
9.480;-1.469825;-0.275694
9.490;-1.465230;-0.258436
9.500;-1.457498;-0.240063
9.510;-1.446912;-0.221768
9.520;-1.433775;-0.204547
9.530;-1.418395;-0.188851
9.540;-1.401092;-0.174452
9.550;-1.382222;-0.160618
9.560;-1.362184;-0.146510
9.570;-1.341424;-0.131616
9.580;-1.320417;-0.116000
9.590;-1.299639;-0.100232
9.600;-1.279550;-0.085072
9.610;-1.260582;-0.071091
9.620;-1.243155;-0.058452
9.630;-1.227695;-0.046919
9.640;-1.214629;-0.036042
9.650;-1.204338;-0.025358
9.660;-1.197048;-0.014528
9.670;-1.192732;-0.003373
9.680;-1.191054;0.008148
9.690;-1.191412;0.019994
9.700;-1.193063;0.032110
9.710;-1.195286;0.044473
9.720;-1.197545;0.057069
9.730;-1.199626;0.069809
9.740;-1.201707;0.082460
9.750;-1.204292;0.094642
9.760;-1.207998;0.105927
9.770;-1.213244;0.115978
9.780;-1.220032;0.124663
9.790;-1.227919;0.132095
9.800;-1.236194;0.138594
9.810;-1.244156;0.144590
9.820;-1.251344;0.150501
9.830;-1.257650;0.156595
9.840;-1.263294;0.162902
9.850;-1.268686;0.169220
9.860;-1.274232;0.175232
9.870;-1.280162;0.180688
9.880;-1.286436;0.185571
9.890;-1.292757;0.190140
9.900;-1.298682;0.194834
9.910;-1.303771;0.200065
9.920;-1.307715;0.206012
9.930;-1.310421;0.212508
9.940;-1.312058;0.219055
9.950;-1.313054;0.224962
9.960;-1.314037;0.229546
9.970;-1.315703;0.232301
9.980;-1.318649;0.232953
9.990;-1.323216;0.231417
10.000;-1.329406;0.227719
10.010;-1.336867;0.221957
10.020;-1.344935;0.214309
10.030;-1.352726;0.205064
10.040;-1.359286;0.194643
10.050;-1.363818;0.183596
10.060;-1.365898;0.172540
10.070;-1.365619;0.162033
10.080;-1.363569;0.152409
10.090;-1.360665;0.143620
10.100;-1.357885;0.135173
10.110;-1.356013;0.126167
10.120;-1.355462;0.115448
10.130;-1.356246;0.101876
10.140;-1.358099;0.084634
10.150;-1.360689;0.063498
10.160;-1.363835;0.038909
10.170;-1.367619;0.011790
10.180;-1.372380;-0.016843
10.190;-1.378568;-0.046298
10.200;-1.386560;-0.076416
10.210;-1.396515;-0.107512
10.220;-1.408366;-0.140126
10.230;-1.421932;-0.174760
10.240;-1.437055;-0.211717
10.250;-1.453672;-0.251055
10.260;-1.471759;-0.292590
10.270;-1.491214;-0.335916
10.280;-1.511735;-0.380463
10.290;-1.532788;-0.425594
10.300;-1.553697;-0.470727
10.310;-1.573827;-0.515421
10.320;-1.592760;-0.559416
10.330;-1.610367;-0.602601
10.340;-1.626719;-0.644937
10.350;-1.641863;-0.686340
10.360;-1.655580;-0.726569
10.370;-1.667279;-0.765161
10.380;-1.676094;-0.801446
10.390;-1.681152;-0.834655
10.400;-1.681851;-0.864089
10.410;-1.678009;-0.889302
10.420;-1.669830;-0.910205
10.430;-1.657754;-0.927083
10.440;-1.642284;-0.940522
10.450;-1.623885;-0.951308
10.460;-1.602977;-0.960343
10.470;-1.580006;-0.968566
10.480;-1.555526;-0.976894
10.490;-1.530222;-0.986146
10.500;-1.504856;-0.996952
10.510;-1.480155;-1.009645
10.520;-1.456688;-1.024168
10.530;-1.434799;-1.040041
10.540;-1.414632;-1.056424
10.550;-1.396241;-1.072261
10.560;-1.379704;-1.086479
10.570;-1.365181;-1.098179
10.580;-1.352857;-1.106765
10.590;-1.342802;-1.111955
10.600;-1.334823;-1.113685
10.610;-1.328410;-1.111967
10.620;-1.322830;-1.106809
10.630;-1.317319;-1.098219
10.640;-1.311289;-1.086305
10.650;-1.304435;-1.071360
10.660;-1.296720;-1.053929
10.670;-1.288263;-1.034830
10.680;-1.279206;-1.015077
10.690;-1.269574;-0.995693
10.700;-1.259179;-0.977420
10.710;-1.247557;-0.960463
10.720;-1.233933;-0.944364
10.730;-1.217248;-0.928088
10.740;-1.196266;-0.910290
10.750;-1.169789;-0.889656
10.760;-1.136918;-0.865223
10.770;-1.097320;-0.836576
10.780;-1.051386;-0.803885
10.790;-1.000224;-0.767747
10.800;-0.945449;-0.728921
10.810;-0.888817;-0.688088
10.820;-0.831826;-0.645753
10.830;-0.775405;-0.602303
10.840;-0.719780;-0.558139
10.850;-0.664513;-0.513758
10.860;-0.608708;-0.469739
10.870;-0.551286;-0.426651
10.880;-0.491279;-0.384988
10.890;-0.428054;-0.345180
10.900;-0.361423;-0.307662
10.910;-0.291643;-0.272928
10.920;-0.219313;-0.241479
10.930;-0.145214;-0.213684
10.940;-0.070152;-0.189613
10.950;0.005144;-0.168959
10.960;0.080051;-0.151124
10.970;0.154037;-0.135422
10.980;0.226660;-0.121336
10.990;0.297595;-0.108685
11.000;0.366686;-0.097645
11.010;0.433978;-0.088601
11.020;0.499708;-0.081921
11.030;0.564260;-0.077770
11.040;0.628100;-0.076062
11.050;0.691701;-0.076564
11.060;0.755470;-0.079062
11.070;0.819640;-0.083476
11.080;0.884134;-0.089855
11.090;0.948475;-0.098245
11.100;1.011814;-0.108523
11.110;1.073131;-0.120295
11.120;1.131513;-0.132923
11.130;1.186373;-0.145673
11.140;1.237491;-0.157925
11.150;1.284882;-0.169305
11.160;1.328551;-0.179713
11.170;1.368255;-0.189276
11.180;1.403379;-0.198334
11.190;1.433000;-0.207483
11.200;1.456127;-0.217581
11.210;1.472046;-0.229617
11.220;1.480633;-0.244405
11.230;1.482507;-0.262211
11.240;1.478945;-0.282472
11.250;1.471594;-0.303780
11.260;1.462063;-0.324192
11.270;1.451590;-0.341801
11.280;1.440903;-0.355345
11.290;1.430309;-0.364599
11.300;1.419926;-0.370407
11.310;1.409911;-0.374369
11.320;1.400612;-0.378356
11.330;1.392599;-0.383995
11.340;1.386595;-0.392252
11.350;1.383337;-0.403186
11.360;1.383410;-0.415992
11.370;1.387104;-0.429344
11.380;1.394353;-0.441924
11.390;1.404779;-0.452896
11.400;1.417845;-0.462128
11.410;1.433027;-0.470099
11.420;1.449944;-0.477596
11.430;1.468389;-0.485351
11.440;1.488262;-0.493722
11.450;1.509483;-0.502549
11.460;1.531934;-0.511249
11.470;1.555490;-0.519118
11.480;1.580107;-0.525727
11.490;1.605911;-0.531186
11.500;1.633229;-0.536196
11.510;1.662529;-0.541871
11.520;1.694306;-0.549412
11.530;1.728938;-0.559767
11.540;1.766570;-0.573371
11.550;1.807064;-0.590088
11.560;1.850017;-0.609349
11.570;1.894838;-0.630443
11.580;1.940844;-0.652823
11.590;1.987321;-0.676281
11.600;2.033578;-0.700890
11.610;2.079000;-0.726777
11.620;2.123126;-0.753877
11.630;2.165672;-0.781831
11.640;2.206486;-0.810038
11.650;2.245437;-0.837824
11.660;2.282311;-0.864620
11.670;2.316775;-0.890111
11.680;2.348452;-0.914307
11.690;2.377070;-0.937493
11.700;2.402621;-0.960110
11.710;2.425423;-0.982611
11.720;2.446030;-1.005363
11.730;2.465039;-1.028589
11.740;2.482896;-1.052314
11.750;2.499795;-1.076310
11.760;2.515679;-1.100081
11.770;2.530313;-1.122944
11.780;2.543392;-1.144195
11.790;2.554655;-1.163271
11.800;2.563977;-1.179864
11.810;2.571408;-1.193937
11.820;2.577134;-1.205671
11.830;2.581367;-1.215387
11.840;2.584233;-1.223489
11.850;2.585698;-1.230435
11.860;2.585555;-1.236723
11.870;2.583460;-1.242824
11.880;2.578980;-1.249068
11.890;2.571689;-1.255512
11.900;2.561286;-1.261860
11.910;2.547713;-1.267483
11.920;2.531233;-1.271571
11.930;2.512409;-1.273371
11.940;2.492012;-1.272478
11.950;2.470865;-1.269080
11.960;2.449694;-1.264045
11.970;2.429039;-1.258798
11.980;2.409253;-1.255008
11.990;2.390564;-1.254235
12.000;2.373135;-1.257627
12.010;2.357082;-1.265734
12.020;2.342468;-1.278431
12.030;2.329304;-1.294956
12.040;2.317563;-1.314076
12.050;2.307199;-1.334340
12.060;2.298146;-1.354344
12.070;2.290293;-1.372902
12.080;2.283421;-1.389112
12.090;2.277154;-1.402380
12.100;2.270936;-1.412450
12.110;2.264063;-1.419448
12.120;2.255764;-1.423897
12.130;2.245281;-1.426639
12.140;2.231957;-1.428652
12.150;2.215313;-1.430783
12.160;2.195129;-1.433467
12.170;2.171491;-1.436588
12.180;2.144806;-1.439556
12.190;2.115801;-1.441571
12.200;2.085516;-1.441979
12.210;2.055235;-1.440507
12.220;2.026330;-1.437307
12.230;1.999996;-1.432767
12.240;1.977011;-1.427232
12.250;1.957607;-1.420762
12.260;1.941525;-1.413033
12.270;1.928192;-1.403407
12.280;1.916959;-1.391134
12.290;1.907319;-1.375633
12.300;1.899038;-1.356746
12.310;1.892143;-1.334870
12.320;1.886759;-1.310888
12.330;1.882857;-1.285941
12.340;1.880060;-1.261112
12.350;1.877591;-1.237182
12.360;1.874403;-1.214553
12.370;1.869418;-1.193333
12.380;1.861781;-1.173488
12.390;1.851048;-1.154951
12.400;1.837246;-1.137637
12.410;1.820780;-1.121385
12.420;1.802225;-1.105888
12.430;1.782072;-1.090662
12.440;1.760555;-1.075108
12.450;1.737638;-1.058641
12.460;1.713199;-1.040899
12.470;1.687331;-1.021934
12.480;1.660566;-1.002321
12.490;1.633916;-0.983058
12.500;1.608666;-0.965266
12.510;1.586038;-0.949784
12.520;1.566840;-0.936843
12.530;1.551260;-0.925992
12.540;1.538863;-0.916269
12.550;1.528759;-0.906569
12.560;1.519868;-0.896022
12.570;1.511174;-0.884261
12.580;1.501900;-0.871473
12.590;1.491600;-0.858227
12.600;1.480178;-0.845185
12.610;1.467820;-0.832817
12.620;1.454876;-0.821244
12.630;1.441708;-0.810243
12.640;1.428558;-0.799350
12.650;1.415473;-0.788012
12.660;1.402290;-0.775730
12.670;1.388670;-0.762189
12.680;1.374179;-0.747360
12.690;1.358411;-0.731505
12.700;1.341114;-0.715082
12.710;1.322287;-0.698548
12.720;1.302176;-0.682197
12.730;1.281180;-0.666065
12.740;1.259679;-0.649912
12.750;1.237880;-0.633260
12.760;1.215741;-0.615478
12.770;1.193034;-0.595923
12.780;1.169503;-0.574100
12.790;1.145024;-0.549800
12.800;1.119650;-0.523173
12.810;1.093527;-0.494727
12.820;1.066711;-0.465280
12.830;1.039029;-0.435861
12.840;1.010053;-0.407558
12.850;0.979206;-0.381343
12.860;0.945971;-0.357878
12.870;0.910096;-0.337390
12.880;0.871700;-0.319637
12.890;0.831239;-0.303988
12.900;0.789346;-0.289593
12.910;0.746630;-0.275586
12.920;0.703483;-0.261297
12.930;0.659952;-0.246432
12.940;0.615752;-0.231168
12.950;0.570414;-0.216155
12.960;0.523560;-0.202398
12.970;0.475164;-0.191043
12.980;0.425682;-0.183121
12.990;0.375967;-0.179311
13.000;0.327021;-0.179790
13.010;0.279677;-0.184225
13.020;0.234339;-0.191935
13.030;0.190887;-0.202184
13.040;0.148792;-0.214483
13.050;0.107395;-0.228781
13.060;0.066202;-0.245453
13.070;0.025077;-0.265109
13.080;-0.015747;-0.288288
13.090;-0.055772;-0.315147
13.100;-0.094389;-0.345266
13.110;-0.131017;-0.377656
13.120;-0.165240;-0.410964
13.130;-0.196925;-0.443804
13.140;-0.226261;-0.475061
13.150;-0.253672;-0.504055
13.160;-0.279611;-0.530556
13.170;-0.304341;-0.554676
13.180;-0.327810;-0.576729
13.190;-0.349681;-0.597090
13.200;-0.369504;-0.616108
13.210;-0.386963;-0.634053
13.220;-0.402065;-0.651044
13.230;-0.415212;-0.666982
13.240;-0.427096;-0.681498
13.250;-0.438469;-0.694001
13.260;-0.449883;-0.703801
13.270;-0.461523;-0.710290
13.280;-0.473187;-0.713105
13.290;-0.484406;-0.712245
13.300;-0.494630;-0.708097
13.310;-0.503409;-0.701374
13.320;-0.510501;-0.692993
13.330;-0.515856;-0.683932
13.340;-0.519514;-0.675085
13.350;-0.521462;-0.667118
13.360;-0.521558;-0.660326
13.370;-0.519569;-0.654559
13.380;-0.515303;-0.649259
13.390;-0.508780;-0.643651
13.400;-0.500339;-0.636982
13.410;-0.490614;-0.628737
13.420;-0.480393;-0.618709
13.430;-0.470402;-0.606935
13.440;-0.461106;-0.593552
13.450;-0.452605;-0.578674
13.460;-0.444657;-0.562369
13.470;-0.436827;-0.544745
13.480;-0.428693;-0.526062
13.490;-0.420048;-0.506781
13.500;-0.410991;-0.487524
13.510;-0.401899;-0.468977
13.520;-0.393282;-0.451784
13.530;-0.385631;-0.436493
13.540;-0.379317;-0.423542
13.550;-0.374559;-0.413247
13.560;-0.371474;-0.405779
13.570;-0.370159;-0.401120
13.580;-0.370760;-0.399048
13.590;-0.373493;-0.399172
13.600;-0.378600;-0.401002
13.610;-0.386233;-0.404028
13.620;-0.396321;-0.407762
13.630;-0.408450;-0.411764
13.640;-0.421798;-0.415645
13.650;-0.435162;-0.419098
13.660;-0.447100;-0.421950
13.670;-0.456158;-0.424225
13.680;-0.461100;-0.426174
13.690;-0.461052;-0.428212
13.700;-0.455537;-0.430757
13.710;-0.444456;-0.434048
13.720;-0.428059;-0.438018
13.730;-0.406957;-0.442300
13.740;-0.382102;-0.446352
13.750;-0.354699;-0.449619
13.760;-0.326023;-0.451668
13.770;-0.297190;-0.452270
13.780;-0.268988;-0.451472
13.790;-0.241783;-0.449680
13.800;-0.215548;-0.447687
13.810;-0.189984;-0.446542
13.820;-0.164725;-0.447247
13.830;-0.139547;-0.450365
13.840;-0.114521;-0.455738
13.850;-0.090056;-0.462471
13.860;-0.066821;-0.469187
13.870;-0.045585;-0.474455
13.880;-0.027010;-0.477220
13.890;-0.011484;-0.477088
13.900;0.000936;-0.474385
13.910;0.010455;-0.470009
13.920;0.017401;-0.465109
13.930;0.022088;-0.460725
13.940;0.024750;-0.457499
13.950;0.025517;-0.455545
13.960;0.024428;-0.454517
13.970;0.021448;-0.453804
13.980;0.016505;-0.452782
13.990;0.009526;-0.451048
14.000;0.000487;-0.448568
14.010;-0.010524;-0.445689
14.020;-0.023245;-0.442996
14.030;-0.037233;-0.441054
14.040;-0.051961;-0.440138
14.050;-0.067017;-0.440075
14.060;-0.082287;-0.440275
14.070;-0.098026;-0.439922
14.080;-0.114733;-0.438223
14.090;-0.132894;-0.434620
14.100;-0.152680;-0.428901
14.110;-0.173763;-0.421174
14.120;-0.195327;-0.411751
14.130;-0.216271;-0.401010
14.140;-0.235502;-0.389281
14.150;-0.252173;-0.376813
14.160;-0.265762;-0.363802
14.170;-0.276020;-0.350438
14.180;-0.282851;-0.336934
14.190;-0.286244;-0.323525
14.200;-0.286293;-0.310450
14.210;-0.283266;-0.297934
14.220;-0.277665;-0.286177
14.230;-0.270198;-0.275342
14.240;-0.261675;-0.265524
14.250;-0.252875;-0.256725
14.260;-0.244420;-0.248861
14.270;-0.236694;-0.241808
14.280;-0.229820;-0.235459
14.290;-0.223726;-0.229743
14.300;-0.218269;-0.224593
14.310;-0.213380;-0.219914
14.320;-0.209143;-0.215584
14.330;-0.205799;-0.211515
14.340;-0.203678;-0.207712
14.350;-0.203108;-0.204282
14.360;-0.204315;-0.201383
14.370;-0.207350;-0.199149
14.380;-0.212054;-0.197635
14.390;-0.218083;-0.196800
14.400;-0.224982;-0.196531
14.410;-0.232261;-0.196672
14.420;-0.239473;-0.197052
14.430;-0.246258;-0.197495
14.440;-0.252356;-0.197813
14.450;-0.257567;-0.197805
14.460;-0.261696;-0.197291
14.470;-0.264518;-0.196191
14.480;-0.265803;-0.194594
14.490;-0.265372;-0.192777
14.500;-0.263156;-0.191130
14.510;-0.259203;-0.190014
14.520;-0.253652;-0.189627
14.530;-0.246682;-0.189958
14.540;-0.238459;-0.190840
14.550;-0.229093;-0.192067
14.560;-0.218622;-0.193505
14.570;-0.207054;-0.195127
14.580;-0.194433;-0.196975
14.590;-0.180899;-0.199098
14.600;-0.166676;-0.201543
14.610;-0.152017;-0.204404
14.620;-0.137141;-0.207884
14.630;-0.122179;-0.212307
14.640;-0.107170;-0.218056
14.650;-0.092111;-0.225471
14.660;-0.077019;-0.234720
14.670;-0.061951;-0.245686
14.680;-0.046946;-0.257907
14.690;-0.031939;-0.270639
14.700;-0.016726;-0.283041
14.710;-0.001005;-0.294385
14.720;0.015547;-0.304196
14.730;0.033212;-0.312251
14.740;0.052197;-0.318481
14.750;0.072611;-0.322871
14.760;0.094438;-0.325455
14.770;0.117505;-0.326368
14.780;0.141463;-0.325914
14.790;0.165797;-0.324540
14.800;0.189872;-0.322748
14.810;0.213014;-0.320992
14.820;0.234597;-0.319645
14.830;0.254111;-0.319000
14.840;0.271183;-0.319260
14.850;0.285561;-0.320508
14.860;0.297067;-0.322654
14.870;0.305545;-0.325444
14.880;0.310845;-0.328511
14.890;0.312862;-0.331467
14.900;0.311595;-0.334003
14.910;0.307181;-0.335965
14.920;0.299848;-0.337405
14.930;0.289840;-0.338580
14.940;0.277368;-0.339878
14.950;0.262661;-0.341706
14.960;0.246083;-0.344356
14.970;0.228231;-0.347945
14.980;0.209962;-0.352431
14.990;0.192325;-0.357681
15.000;0.176445;-0.363514
15.010;0.163406;-0.369690
15.020;0.154110;-0.375868
15.030;0.149136;-0.381599
15.040;0.148631;-0.386395
15.050;0.152274;-0.389842
15.060;0.159348;-0.391725
15.070;0.168886;-0.392112
15.080;0.179853;-0.391347
15.090;0.191330;-0.389951
15.100;0.202661;-0.388450
15.110;0.213550;-0.387246
15.120;0.224083;-0.386584
15.130;0.234664;-0.386586
15.140;0.245860;-0.387294
15.150;0.258202;-0.388661
15.160;0.272019;-0.390513
15.170;0.287369;-0.392545
15.180;0.304107;-0.394366
15.190;0.322066;-0.395551
15.200;0.341256;-0.395688
15.210;0.361988;-0.394416
15.220;0.384814;-0.391460
15.230;0.410326;-0.386671
15.240;0.438880;-0.380012
15.250;0.470391;-0.371516
15.260;0.504283;-0.361238
15.270;0.539601;-0.349252
15.280;0.575239;-0.335664
15.290;0.610181;-0.320633
15.300;0.643693;-0.304351
15.310;0.675366;-0.287002
15.320;0.705037;-0.268701
15.330;0.732595;-0.249420
15.340;0.757802;-0.228978
15.350;0.780197;-0.207113
15.360;0.799128;-0.183666
15.370;0.813886;-0.158766
15.380;0.823883;-0.132917
15.390;0.828816;-0.106935
15.400;0.828745;-0.081770
15.410;0.824084;-0.058268
15.420;0.815506;-0.036969
15.430;0.803822;-0.017986
15.440;0.789840;-0.001007
15.450;0.774235;0.014606
15.460;0.757396;0.029637
15.470;0.739336;0.044809
15.480;0.719679;0.060613
15.490;0.697778;0.077252
15.500;0.672922;0.094704
15.510;0.644585;0.112875
15.520;0.612605;0.131747
15.530;0.577251;0.151438
15.540;0.539164;0.172132
15.550;0.499216;0.193918
15.560;0.458325;0.216626
15.570;0.417300;0.239741
15.580;0.376724;0.262457
15.590;0.336909;0.283865
15.600;0.297934;0.303248
15.610;0.259746;0.320379
15.620;0.222296;0.335709
15.630;0.185666;0.350330
15.640;0.150178;0.365720
15.650;0.116444;0.383317
15.660;0.085366;0.404116
15.670;0.058055;0.428407
15.680;0.035685;0.455766
15.690;0.019294;0.485239
15.700;0.009597;0.515643
15.710;0.006833;0.545853
15.720;0.010694;0.574986
15.730;0.020337;0.602442
15.740;0.034459;0.627802
15.750;0.051426;0.650704
15.760;0.069439;0.670765
15.770;0.086731;0.687593
15.780;0.101774;0.700857
15.790;0.113444;0.710343
15.800;0.121115;0.715964
15.810;0.124668;0.717759
15.820;0.124464;0.715887
15.830;0.121285;0.710631
15.840;0.116277;0.702369
15.850;0.110845;0.691519
15.860;0.106489;0.678479
15.870;0.104593;0.663645
15.880;0.106210;0.647491
15.890;0.111925;0.630672
15.900;0.121849;0.614032
15.910;0.135759;0.598495
15.920;0.153303;0.584872
15.930;0.174168;0.573676
15.940;0.198128;0.565022
15.950;0.224943;0.558607
15.960;0.254200;0.553762
15.970;0.285203;0.549581
15.980;0.317021;0.545099
15.990;0.348695;0.539490
16.000;0.379496;0.532232
16.010;0.409073;0.523180
16.020;0.437438;0.512508
16.030;0.464803;0.500572
16.040;0.491365;0.487761
16.050;0.517105;0.474416
16.060;0.541664;0.460828
16.070;0.564317;0.447281
16.080;0.584061;0.434067
16.090;0.599775;0.421429
16.100;0.610398;0.409454
16.110;0.615077;0.397983
16.120;0.613246;0.386634
16.130;0.604636;0.374935
16.140;0.589281;0.362503
16.150;0.567534;0.349130
16.160;0.540095;0.334743
16.170;0.507984;0.319284
16.180;0.472419;0.302629
16.190;0.434628;0.284610
16.200;0.395665;0.265133
16.210;0.356300;0.244346
16.220;0.316987;0.222795
16.230;0.277886;0.201463
16.240;0.238925;0.181618
16.250;0.199887;0.164494
16.260;0.160552;0.150924
16.270;0.120863;0.141080
16.280;0.081091;0.134416
16.290;0.041926;0.129839
16.300;0.004428;0.126011
16.310;-0.030181;0.121704
16.320;-0.060811;0.116096
16.330;-0.086796;0.108925
16.340;-0.108034;0.100471
16.350;-0.124965;0.091368
16.360;-0.138425;0.082330
16.370;-0.149434;0.073886
16.380;-0.159005;0.066223
16.390;-0.167986;0.059181
16.400;-0.176971;0.052341
16.410;-0.186299;0.045163
16.420;-0.196131;0.037098
16.430;-0.206548;0.027679
16.440;-0.217614;0.016601
16.450;-0.229362;0.003793
16.460;-0.241733;-0.010559
16.470;-0.254553;-0.026055
16.480;-0.267584;-0.042231
16.490;-0.280665;-0.058777
16.500;-0.293874;-0.075751
16.510;-0.307621;-0.093640
16.520;-0.322579;-0.113227
16.530;-0.339488;-0.135265
16.540;-0.358913;-0.160126
16.550;-0.381075;-0.187593
16.560;-0.405786;-0.216895
16.570;-0.432500;-0.246967
16.580;-0.460444;-0.276781
16.590;-0.488821;-0.305646
16.600;-0.517022;-0.333340
16.610;-0.544789;-0.360065
16.620;-0.572224;-0.386217
16.630;-0.599626;-0.412097
16.640;-0.627213;-0.437669
16.650;-0.654894;-0.462503
16.660;-0.682200;-0.485900
16.670;-0.708410;-0.507169
16.680;-0.732809;-0.525935
16.690;-0.754931;-0.542377
16.700;-0.774700;-0.557335
16.710;-0.792389;-0.572227
16.720;-0.808450;-0.588763
16.730;-0.823268;-0.608504
16.740;-0.836950;-0.632393
16.750;-0.849225;-0.660424
16.760;-0.859504;-0.691568
16.770;-0.867073;-0.723998
16.780;-0.871334;-0.755557
16.790;-0.872009;-0.784313
16.800;-0.869235;-0.809045
16.810;-0.863562;-0.829492
16.820;-0.855861;-0.846270
16.830;-0.847165;-0.860510
16.840;-0.838482;-0.873360
16.850;-0.830621;-0.885550
16.860;-0.824071;-0.897207
16.870;-0.818967;-0.907943
16.880;-0.815150;-0.917158
16.890;-0.812307;-0.924426
16.900;-0.810169;-0.929789
16.910;-0.808654;-0.933850
16.920;-0.807916;-0.937610
16.930;-0.808255;-0.942143
16.940;-0.809945;-0.948287
16.950;-0.813088;-0.956455
16.960;-0.817521;-0.966614
16.970;-0.822842;-0.978386
16.980;-0.828513;-0.991215
16.990;-0.834036;-1.004574
17.000;-0.839140;-1.018128
17.010;-0.843915;-1.031817
17.020;-0.848840;-1.045785
17.030;-0.854687;-1.060191
17.040;-0.862307;-1.074985
17.050;-0.872346;-1.089753
17.060;-0.884993;-1.103741
17.070;-0.899832;-1.116058
17.080;-0.915890;-1.125972
17.090;-0.931870;-1.133152
17.100;-0.946509;-1.137747
17.110;-0.958925;-1.140272
17.120;-0.968827;-1.141356
17.130;-0.976509;-1.141468
17.140;-0.982628;-1.140704
17.150;-0.987873;-1.138759
17.160;-0.992628;-1.135050
17.170;-0.996780;-1.128973
17.180;-0.999713;-1.120186
17.190;-1.000516;-1.108813
17.200;-0.998317;-1.095476
17.210;-0.992612;-1.081174
17.220;-0.983461;-1.067036
17.230;-0.971466;-1.054037
17.240;-0.957582;-1.042768
17.250;-0.942850;-1.033323
17.260;-0.928181;-1.025331
17.270;-0.914247;-1.018124
17.280;-0.901488;-1.010977
17.290;-0.890185;-1.003361
17.300;-0.880519;-0.995098
17.310;-0.872575;-0.986368
17.320;-0.866278;-0.977548
17.330;-0.861295;-0.968976
17.340;-0.856988;-0.960746
17.350;-0.852471;-0.952619
17.360;-0.846774;-0.944070
17.370;-0.839069;-0.934423
17.380;-0.828847;-0.923030
17.390;-0.815964;-0.909408
17.400;-0.800493;-0.893339
17.410;-0.782471;-0.874898
17.420;-0.761634;-0.854416
17.430;-0.737314;-0.832371
17.440;-0.708554;-0.809235
17.450;-0.674406;-0.785379
17.460;-0.634272;-0.761073
17.470;-0.588149;-0.736599
17.480;-0.536684;-0.712351
17.490;-0.481037;-0.688863
17.500;-0.422618;-0.666724
17.510;-0.362791;-0.646407
17.520;-0.302643;-0.628140
17.530;-0.242875;-0.611900
17.540;-0.183810;-0.597550
17.550;-0.125494;-0.585054
17.560;-0.067836;-0.574610
17.570;-0.010754;-0.566588
17.580;0.045707;-0.561269
17.590;0.101304;-0.558541
17.600;0.155607;-0.557761
17.610;0.208085;-0.557874
17.620;0.258268;-0.557754
17.630;0.305873;-0.556616
17.640;0.350878;-0.554303
17.650;0.393496;-0.551351
17.660;0.434077;-0.548797
17.670;0.473004;-0.547818
17.680;0.510605;-0.549361
17.690;0.547106;-0.553879
17.700;0.582599;-0.561242
17.710;0.617044;-0.570802
17.720;0.650286;-0.581593
17.730;0.682092;-0.592588
17.740;0.712185;-0.602974
17.750;0.740288;-0.612362
17.760;0.766169;-0.620879
17.770;0.789691;-0.629064
17.780;0.810864;-0.637639
17.790;0.829871;-0.647243
17.800;0.847042;-0.658247
17.810;0.862772;-0.670720
17.820;0.877381;-0.684519
17.830;0.890987;-0.699440
17.840;0.903442;-0.715351
17.850;0.914378;-0.732264
17.860;0.923337;-0.750313
17.870;0.929932;-0.769661
17.880;0.933981;-0.790400
17.890;0.935563;-0.812474
17.900;0.934993;-0.835652
17.910;0.932712;-0.859516
17.920;0.929157;-0.883486
17.930;0.924662;-0.906870
17.940;0.919413;-0.928992
17.950;0.913464;-0.949371
17.960;0.906773;-0.967919
17.970;0.899223;-0.985082
17.980;0.890605;-1.001847
17.990;0.880597;-1.019570
18.000;0.868806;-1.039651
18.010;0.854867;-1.063137
18.020;0.838574;-1.090405
18.030;0.819950;-1.121058
18.040;0.799194;-1.154088
18.050;0.776529;-1.188275
18.060;0.752034;-1.222652
18.070;0.725558;-1.256856
18.080;0.696772;-1.291221
18.090;0.665338;-1.326629
18.100;0.631100;-1.364176
18.110;0.594219;-1.404811
18.120;0.555216;-1.449034
18.130;0.514940;-1.496724
18.140;0.474504;-1.547099
18.150;0.435237;-1.598813
18.160;0.398638;-1.650156
18.170;0.366314;-1.699355
18.180;0.339856;-1.744881
18.190;0.320649;-1.785697
18.200;0.309675;-1.821371
18.210;0.307348;-1.852034
18.220;0.313442;-1.878256
18.230;0.327155;-1.900869
18.240;0.347293;-1.920813
18.250;0.372535;-1.938984
18.260;0.401678;-1.956091
18.270;0.433791;-1.972552
18.280;0.468236;-1.988474
18.290;0.504568;-2.003698
18.300;0.542381;-2.017876
18.310;0.581186;-2.030516
18.320;0.620393;-2.041029
18.330;0.659416;-2.048817
18.340;0.697833;-2.053402
18.350;0.735522;-2.054532
18.360;0.772697;-2.052190
18.370;0.809813;-2.046551
18.380;0.847379;-2.037955
18.390;0.885734;-2.026948
18.400;0.924912;-2.014313
18.410;0.964618;-2.001045
18.420;1.004327;-1.988219
18.430;1.043434;-1.976795
18.440;1.081391;-1.967444
18.450;1.117792;-1.960440
18.460;1.152398;-1.955681
18.470;1.185120;-1.952797
18.480;1.215967;-1.951321
18.490;1.244953;-1.950808
18.500;1.271991;-1.950881
18.510;1.296830;-1.951199
18.520;1.319062;-1.951432
18.530;1.338193;-1.951259
18.540;1.353766;-1.950400
18.550;1.365494;-1.948638
18.560;1.373391;-1.945825
18.570;1.377820;-1.941893
18.580;1.379478;-1.936898
18.590;1.379301;-1.931021
18.600;1.378345;-1.924517
18.610;1.377669;-1.917602
18.620;1.378214;-1.910354
18.630;1.380698;-1.902679
18.640;1.385545;-1.894349
18.650;1.392896;-1.885075
18.660;1.402702;-1.874570
18.670;1.414851;-1.862622
18.680;1.429272;-1.849186
18.690;1.445959;-1.834497
18.700;1.464886;-1.819166
18.710;1.485891;-1.804175
18.720;1.508599;-1.790739
18.730;1.532483;-1.780032
18.740;1.557019;-1.772863
18.750;1.581875;-1.769420
18.760;1.606978;-1.769211
18.770;1.632423;-1.771255
18.780;1.658249;-1.774429
18.790;1.684228;-1.777829
18.800;1.709769;-1.781002
18.810;1.733995;-1.783997
18.820;1.755943;-1.787280
18.830;1.774804;-1.791564
18.840;1.790118;-1.797586
18.850;1.801851;-1.805858
18.860;1.810355;-1.816486
18.870;1.816205;-1.829105
18.880;1.820027;-1.842985
18.890;1.822364;-1.857258
18.900;1.823636;-1.871174
18.910;1.824156;-1.884285
18.920;1.824145;-1.896509
18.930;1.823719;-1.908082
18.940;1.822866;-1.919433
18.950;1.821471;-1.931037
18.960;1.819397;-1.943271
18.970;1.816597;-1.956320
18.980;1.813169;-1.970130
18.990;1.809320;-1.984444
19.000;1.805228;-1.998873
19.010;1.800910;-2.013022
19.020;1.796156;-2.026615
19.030;1.790569;-2.039614
19.040;1.783654;-2.052251
19.050;1.774908;-2.064951
19.060;1.763897;-2.078172
19.070;1.750313;-2.092233
19.080;1.733999;-2.107223
19.090;1.714938;-2.122993
19.100;1.693203;-2.139219
19.110;1.668893;-2.155489
19.120;1.642090;-2.171408
19.130;1.612836;-2.186718
19.140;1.581106;-2.201404
19.150;1.546748;-2.215734
19.160;1.509399;-2.230188
19.170;1.468424;-2.245301
19.180;1.422912;-2.261531
19.190;1.371787;-2.279181
19.200;1.314010;-2.298380
19.210;1.248818;-2.319074
19.220;1.175948;-2.340983
19.230;1.095800;-2.363512
19.240;1.009495;-2.385673
19.250;0.918840;-2.406088
19.260;0.826162;-2.423152
19.270;0.734041;-2.435346
19.280;0.645019;-2.441614
19.290;0.561354;-2.441667
19.300;0.484875;-2.436079
19.310;0.416934;-2.426111
19.320;0.358414;-2.413343
19.330;0.309754;-2.399322
19.340;0.270993;-2.385360
19.350;0.241823;-2.372533
19.360;0.221637;-2.361776
19.370;0.209555;-2.353950
19.380;0.204395;-2.349807
19.390;0.204656;-2.349838
19.400;0.208570;-2.354082
19.410;0.214236;-2.361986
19.420;0.219820;-2.372433
19.430;0.223727;-2.383949
19.440;0.224703;-2.394995
19.450;0.221844;-2.404238
19.460;0.214561;-2.410705
19.470;0.202527;-2.413844
19.480;0.185642;-2.413542
19.490;0.164015;-2.410139
19.500;0.137941;-2.404363
19.510;0.107836;-2.397148
19.520;0.074174;-2.389352
19.530;0.037412;-2.381487
19.540;-0.002042;-2.373598
19.550;-0.043827;-2.365323
19.560;-0.087598;-2.356067
19.570;-0.132978;-2.345239
19.580;-0.179495;-2.332474
19.590;-0.226534;-2.317817
19.600;-0.273301;-2.301808
19.610;-0.318841;-2.285424
19.620;-0.362119;-2.269877
19.630;-0.402151;-2.256320
19.640;-0.438148;-2.245538
19.650;-0.469603;-2.237721
19.660;-0.496301;-2.232375
19.670;-0.518226;-2.228434
19.680;-0.535431;-2.224518
19.690;-0.547947;-2.219263
19.700;-0.555791;-2.211599
19.710;-0.559033;-2.200887
19.720;-0.557854;-2.186959
19.730;-0.552531;-2.170070
19.740;-0.543392;-2.150840
19.750;-0.530792;-2.130167
19.760;-0.515145;-2.109121
19.770;-0.496999;-2.088803
19.780;-0.477044;-2.070187
19.790;-0.456025;-2.053979
19.800;-0.434518;-2.040522
19.810;-0.412676;-2.029790
19.820;-0.390057;-2.021451
19.830;-0.365645;-2.015024
19.840;-0.338100;-2.010061
19.850;-0.306193;-2.006326
19.860;-0.269231;-2.003855
19.870;-0.227324;-2.002895
19.880;-0.181354;-2.003730
19.890;-0.132699;-2.006478
19.900;-0.082821;-2.010930
19.910;-0.032899;-2.016507
19.920;0.016366;-2.022346
19.930;0.064734;-2.027492
19.940;0.112247;-2.031115
19.950;0.158978;-2.032677
19.960;0.204834;-2.031997
19.970;0.249503;-2.029227
19.980;0.292544;-2.024788
19.990;0.333557;-2.019287
20.000;0.372323;-2.013412
20.010;0.408845;-2.007774
20.020;0.443264;-2.002718
20.030;0.475670;-1.998178
20.040;0.505882;-1.993635
20.050;0.533308;-1.988234
20.060;0.556961;-1.981063
20.070;0.575670;-1.971503
20.080;0.588357;-1.959538
20.090;0.594263;-1.945897
20.100;0.593015;-1.931947
20.110;0.584562;-1.919355
20.120;0.569107;-1.909610
20.130;0.547082;-1.903544
20.140;0.519156;-1.901057
20.150;0.486218;-1.901126
20.160;0.449288;-1.902124
20.170;0.409346;-1.902294
20.180;0.367131;-1.900193
20.190;0.322979;-1.894946
20.200;0.276800;-1.886243
20.210;0.228217;-1.874157
20.220;0.176836;-1.858884
20.230;0.122566;-1.840595
20.240;0.065885;-1.819445
20.250;0.007939;-1.795711
20.260;-0.049548;-1.769961
20.270;-0.104532;-1.743127
20.280;-0.154980;-1.716415
20.290;-0.199201;-1.691069
20.300;-0.236092;-1.668061
20.310;-0.265267;-1.647869
20.320;-0.287040;-1.630425
20.330;-0.302252;-1.615251
20.340;-0.312019;-1.601722
20.350;-0.317448;-1.589327
20.360;-0.319415;-1.577803
20.370;-0.318444;-1.567099
20.380;-0.314733;-1.557216
20.390;-0.308291;-1.548044
20.400;-0.299168;-1.539302
20.410;-0.287664;-1.530629
20.420;-0.274448;-1.521747
20.430;-0.260532;-1.512605
20.440;-0.247111;-1.503443
20.450;-0.235331;-1.494747
20.460;-0.226079;-1.487116
20.470;-0.219865;-1.481073
20.480;-0.216822;-1.476929
20.490;-0.216818;-1.474753
20.500;-0.219591;-1.474438
20.510;-0.224849;-1.475783
20.520;-0.232291;-1.478550
20.530;-0.241569;-1.482476
20.540;-0.252238;-1.487248
20.550;-0.263729;-1.492472
20.560;-0.275374;-1.497650
20.570;-0.286484;-1.502194
20.580;-0.296435;-1.505467
20.590;-0.304750;-1.506875
20.600;-0.311133;-1.505978
20.610;-0.315448;-1.502587
20.620;-0.317687;-1.496813
20.630;-0.317957;-1.489045
20.640;-0.316504;-1.479889
20.650;-0.313734;-1.470055
20.660;-0.310208;-1.460219
20.670;-0.306592;-1.450876
20.680;-0.303564;-1.442256
20.690;-0.301702;-1.434344
20.700;-0.301362;-1.427017
20.710;-0.302595;-1.420196
20.720;-0.305118;-1.413949
20.730;-0.308350;-1.408458
20.740;-0.311503;-1.403882
20.750;-0.313736;-1.400162
20.760;-0.314361;-1.396866
20.770;-0.313040;-1.393168
20.780;-0.309894;-1.388014
20.790;-0.305422;-1.380428
20.800;-0.300237;-1.369824
20.810;-0.294738;-1.356176
20.820;-0.288874;-1.339962
20.830;-0.282141;-1.321942
20.840;-0.273802;-1.302864
20.850;-0.263254;-1.283221
20.860;-0.250358;-1.263132
20.870;-0.235574;-1.242359
20.880;-0.219824;-1.220444
20.890;-0.204123;-1.196896
20.900;-0.189135;-1.171362
20.910;-0.174882;-1.143754
20.920;-0.160755;-1.114318
20.930;-0.145856;-1.083618
20.940;-0.129459;-1.052401
20.950;-0.111384;-1.021372
20.960;-0.092075;-0.990985
20.970;-0.072425;-0.961348
20.980;-0.053434;-0.932296
20.990;-0.035859;-0.903578
21.000;-0.019974;-0.875067
21.010;-0.005494;-0.846899
21.020;0.008323;-0.819471
21.030;0.022479;-0.793295
21.040;0.038022;-0.768788
21.050;0.055851;-0.746094
21.060;0.076566;-0.725026
21.070;0.100365;-0.705129
21.080;0.127059;-0.685843
21.090;0.156201;-0.666675
21.100;0.187272;-0.647335
21.110;0.219808;-0.627770
21.120;0.253409;-0.608113
21.130;0.287653;-0.588592
21.140;0.321996;-0.569439
21.150;0.355718;-0.550823
21.160;0.387962;-0.532805
21.170;0.417846;-0.515298
21.180;0.444627;-0.498036
21.190;0.467803;-0.480583
21.200;0.487135;-0.462385
21.210;0.502585;-0.442899
21.220;0.514255;-0.421739
21.230;0.522369;-0.398792
21.240;0.527309;-0.374236
21.250;0.529634;-0.348456
21.260;0.530011;-0.321925
21.270;0.529028;-0.295095
21.280;0.526975;-0.268348
21.290;0.523726;-0.242018
21.300;0.518817;-0.216429
21.310;0.511670;-0.191942
21.320;0.501819;-0.168944
21.330;0.489017;-0.147782
21.340;0.473182;-0.128673
21.350;0.454253;-0.111612
21.360;0.432068;-0.096312
21.370;0.406364;-0.082163
21.380;0.376919;-0.068248
21.390;0.343755;-0.053424
21.400;0.307260;-0.036492
21.410;0.268140;-0.016399
21.420;0.227194;0.007607
21.430;0.185036;0.035909
21.440;0.141884;0.068558
21.450;0.097524;0.105343
21.460;0.051478;0.145851
21.470;0.003289;0.189470
21.480;-0.047184;0.235344
21.490;-0.099572;0.282332
21.500;-0.152974;0.329019
21.510;-0.206098;0.373804
21.520;-0.257524;0.415083
21.530;-0.305988;0.451512
21.540;-0.350604;0.482288
21.550;-0.390968;0.507339
21.560;-0.427099;0.527331
21.570;-0.459271;0.543454
21.580;-0.487791;0.557052
21.590;-0.512808;0.569235
21.600;-0.534230;0.580599
21.610;-0.551746;0.591174
21.620;-0.564947;0.600589
21.630;-0.573515;0.608376
21.640;-0.577401;0.614248
21.650;-0.576938;0.618243
21.660;-0.572855;0.620678
21.670;-0.566193;0.621978
21.680;-0.558176;0.622466
21.690;-0.550053;0.622212
21.700;-0.542943;0.620978
21.710;-0.537711;0.618282
21.720;-0.534897;0.613532
21.730;-0.534720;0.606180
21.740;-0.537174;0.595885
21.750;-0.542168;0.582622
21.760;-0.549681;0.566734
21.770;-0.559842;0.548853
21.780;-0.572906;0.529744
21.790;-0.589131;0.510108
21.800;-0.608636;0.490482
21.810;-0.631316;0.471256
21.820;-0.656857;0.452761
21.830;-0.684832;0.435312
21.840;-0.714836;0.419157
21.850;-0.746567;0.404380
21.860;-0.779835;0.390858
21.870;-0.814474;0.378294
21.880;-0.850236;0.366307
21.890;-0.886712;0.354537
21.900;-0.923353;0.342751
21.910;-0.959578;0.330956
21.920;-0.994937;0.319472
21.930;-1.029251;0.308910
21.940;-1.062656;0.300029
21.950;-1.095514;0.293506
21.960;-1.128177;0.289713
21.970;-1.160691;0.288578
21.980;-1.192555;0.289619
21.990;-1.222655;0.292152
22.000;-1.249429;0.295569
22.010;-1.271236;0.299536
22.020;-1.286827;0.304020
22.030;-1.295744;0.309164
22.040;-1.298493;0.315144
22.050;-1.296432;0.322069
22.060;-1.291426;0.329933
22.070;-1.285389;0.338607
22.080;-1.279833;0.347858
22.090;-1.275514;0.357416
22.100;-1.272276;0.367064
22.110;-1.269144;0.376729
22.120;-1.264670;0.386514
22.130;-1.257370;0.396685
22.140;-1.246093;0.407604
22.150;-1.230176;0.419658
22.160;-1.209410;0.433189
22.170;-1.183911;0.448426
22.180;-1.154002;0.465426
22.190;-1.120158;0.484054
22.200;-1.083013;0.504000
22.210;-1.043363;0.524847
22.220;-1.002124;0.546176
22.230;-0.960200;0.567670
22.240;-0.918275;0.589187
22.250;-0.876631;0.610747
22.260;-0.835064;0.632454
22.270;-0.792966;0.654388
22.280;-0.749536;0.676515
22.290;-0.704079;0.698649
22.300;-0.656326;0.720474
22.310;-0.606680;0.741641
22.320;-0.556292;0.761884
22.330;-0.506906;0.781086
22.340;-0.460492;0.799261
22.350;-0.418793;0.816447
22.360;-0.382944;0.832590
22.370;-0.353299;0.847478
22.380;-0.329514;0.860748
22.390;-0.310824;0.871950
22.400;-0.296388;0.880650
22.410;-0.285544;0.886494
22.420;-0.277873;0.889235
22.430;-0.273106;0.888696
22.440;-0.270930;0.884723
22.450;-0.270839;0.877195
22.460;-0.272096;0.866113
22.470;-0.273814;0.851744
22.480;-0.275083;0.834726
22.490;-0.275103;0.816053
22.500;-0.273255;0.796886
22.510;-0.269125;0.778279
22.520;-0.262503;0.760946
22.530;-0.253369;0.745188
22.540;-0.241892;0.731020
22.550;-0.228411;0.718399
22.560;-0.213381;0.707422
22.570;-0.197279;0.698383
22.580;-0.180488;0.691636
22.590;-0.163210;0.687337
22.600;-0.145445;0.685176
22.610;-0.127062;0.684252
22.620;-0.107916;0.683164
22.630;-0.087979;0.680293
22.640;-0.067417;0.674171
22.650;-0.046595;0.663792
22.660;-0.026022;0.648768
22.670;-0.006277;0.629346
22.680;0.012081;0.606313
22.690;0.028583;0.580833
22.700;0.042885;0.554224
22.710;0.054798;0.527704
22.720;0.064307;0.502169
22.730;0.071604;0.478118
22.740;0.077125;0.455713
22.750;0.081529;0.434925
22.760;0.085602;0.415626
22.770;0.090106;0.397575
22.780;0.095651;0.380317
22.790;0.102622;0.363133
22.800;0.111154;0.345136
22.810;0.121097;0.325495
22.820;0.131970;0.303672
22.830;0.142955;0.279506
22.840;0.152990;0.253085
22.850;0.160990;0.224463
22.860;0.166121;0.193387
22.870;0.168003;0.159198
22.880;0.166757;0.120981
22.890;0.162864;0.077933
22.900;0.156946;0.029795
22.910;0.149562;-0.022880
22.920;0.141106;-0.078776
22.930;0.131789;-0.136226
22.940;0.121674;-0.193814
22.950;0.110707;-0.250910
22.960;0.098721;-0.307842
22.970;0.085408;-0.365628
22.980;0.070301;-0.425401
22.990;0.052826;-0.487828
23.000;0.032440;-0.552769
23.010;0.008871;-0.619278
23.020;-0.017648;-0.685873
23.030;-0.046225;-0.750934
23.040;-0.075320;-0.813053
23.050;-0.102914;-0.871220
23.060;-0.126804;-0.924825
23.070;-0.144946;-0.973531
23.080;-0.155819;-1.017152
23.090;-0.158737;-1.055628
23.100;-0.154009;-1.089097
23.110;-0.142855;-1.117980
23.120;-0.127013;-1.142996
23.130;-0.108165;-1.165065
23.140;-0.087380;-1.185145
23.150;-0.064807;-1.204065
23.160;-0.039713;-1.222410
23.170;-0.010846;-1.240482
23.180;0.023045;-1.258335
23.190;0.062739;-1.275865
23.200;0.108271;-1.292905
23.210;0.158944;-1.309300
23.220;0.213544;-1.324973
23.230;0.270626;-1.339975
23.240;0.328779;-1.354547
23.250;0.386805;-1.369135
23.260;0.443799;-1.384311
23.270;0.499141;-1.400553
23.280;0.552410;-1.417958
23.290;0.603277;-1.435989
23.300;0.651393;-1.453419
23.310;0.696322;-1.468558
23.320;0.737510;-1.479718
23.330;0.774328;-1.485695
23.340;0.806172;-1.486080
23.350;0.832612;-1.481272
23.360;0.853572;-1.472239
23.370;0.869464;-1.460143
23.380;0.881240;-1.445971
23.390;0.890283;-1.430255
23.400;0.898155;-1.412962
23.410;0.906245;-1.393541
23.420;0.915466;-1.371106
23.430;0.926110;-1.344703
23.440;0.937922;-1.313577
23.450;0.950345;-1.277383
23.460;0.962825;-1.236244
23.470;0.975063;-1.190645
23.480;0.987131;-1.141200
23.490;0.999430;-1.088424
23.500;1.012497;-1.032643
23.510;1.026766;-0.974097
23.520;1.042378;-0.913163
23.530;1.059133;-0.850556
23.540;1.076580;-0.787368
23.550;1.094209;-0.724894
23.560;1.111618;-0.664258
23.570;1.128614;-0.605996
23.580;1.145204;-0.549775
23.590;1.161507;-0.494425
23.600;1.177639;-0.438309
23.610;1.193607;-0.379877
23.620;1.209287;-0.318159
23.630;1.224482;-0.252993
23.640;1.239012;-0.184929
23.650;1.252757;-0.114895
23.660;1.265603;-0.043803
23.670;1.277327;0.027727
23.680;1.287519;0.099452
23.690;1.295612;0.171371
23.700;1.301024;0.243500
23.710;1.303315;0.315646
23.720;1.302283;0.387322
23.730;1.297959;0.457803
23.740;1.290580;0.526270
23.750;1.280596;0.591921
23.760;1.268708;0.653986
23.770;1.255854;0.711690
23.780;1.243086;0.764231
23.790;1.231378;0.810838
23.800;1.221468;0.850907
23.810;1.213794;0.884158
23.820;1.208549;0.910754
23.830;1.205822;0.931292
23.840;1.205744;0.946673
23.850;1.208573;0.957888
23.860;1.214673;0.965797
23.870;1.224399;0.971006
23.880;1.237967;0.973858
23.890;1.255357;0.974524
23.900;1.276304;0.973124
23.910;1.300360;0.969789
23.920;1.327014;0.964656
23.930;1.355801;0.957801
23.940;1.386366;0.949202
23.950;1.418458;0.938801
23.960;1.451900;0.926634
23.970;1.486586;0.912958
23.980;1.522499;0.898250
23.990;1.559717;0.883073
24.000;1.598391;0.867879
24.010;1.638655;0.852866
24.020;1.680544;0.837929
24.030;1.723910;0.822731
24.040;1.768379;0.806823
24.050;1.813350;0.789792
24.060;1.858057;0.771396
24.070;1.901696;0.751655
24.080;1.943594;0.730906
24.090;1.983335;0.709819
24.100;2.020800;0.689337
24.110;2.056097;0.670527
24.120;2.089435;0.654344
24.130;2.120975;0.641392
24.140;2.150754;0.631781
24.150;2.178714;0.625161
24.160;2.204832;0.620894
24.170;2.229281;0.618266
24.180;2.252527;0.616640
24.190;2.275305;0.615516
24.200;2.298475;0.614520
24.210;2.322802;0.613375
24.220;2.348739;0.611908
24.230;2.376275;0.610116
24.240;2.404933;0.608230
24.250;2.433935;0.606707
24.260;2.462468;0.606059
24.270;2.489936;0.606583
24.280;2.516101;0.608122
24.290;2.541060;0.609986
24.300;2.565123;0.611090
24.310;2.588638;0.610247
24.320;2.611819;0.606503
24.330;2.634630;0.599396
24.340;2.656756;0.589069
24.350;2.677673;0.576241
24.360;2.696773;0.562028
24.370;2.713489;0.547668
24.380;2.727396;0.534209
24.390;2.738275;0.522255
24.400;2.746111;0.511852
24.410;2.751014;0.502540
24.420;2.753101;0.493515
24.430;2.752447;0.483854
24.440;2.749127;0.472733
24.450;2.743330;0.459589
24.460;2.735458;0.444189
24.470;2.726136;0.426610
24.480;2.716136;0.407173
24.490;2.706268;0.386343
24.500;2.697281;0.364656
24.510;2.689760;0.342667
24.520;2.684040;0.320917
24.530;2.680153;0.299891
24.540;2.677852;0.279908
24.550;2.676736;0.260986
24.560;2.676401;0.242748
24.570;2.676599;0.224468
24.580;2.677300;0.205230
24.590;2.678674;0.184111
24.600;2.680955;0.160301
24.610;2.684269;0.133179
24.620;2.688481;0.102354
24.630;2.693130;0.067712
24.640;2.697480;0.029450
24.650;2.700673;-0.011929
24.660;2.701927;-0.055667
24.670;2.700720;-0.100871
24.680;2.696881;-0.146668
24.690;2.690574;-0.192381
24.700;2.682184;-0.237652
24.710;2.672147;-0.282511
24.720;2.660785;-0.327340
24.730;2.648159;-0.372758
24.740;2.633980;-0.419445
24.750;2.617589;-0.467977
24.760;2.598008;-0.518715
24.770;2.574052;-0.571757
24.780;2.544501;-0.626939
24.790;2.508317;-0.683834
24.800;2.464852;-0.741748
24.810;2.414014;-0.799734
24.820;2.356329;-0.856634
24.830;2.292939;-0.911200
24.840;2.225568;-0.962273
24.850;2.156476;-1.009019
24.860;2.088374;-1.051094
24.870;2.024211;-1.088666
24.880;1.966828;-1.122281
24.890;1.918521;-1.152650
24.900;1.880676;-1.180523
24.910;1.853569;-1.206655
24.920;1.836412;-1.231838
24.930;1.827597;-1.256881
24.940;1.825101;-1.282488
24.950;1.826911;-1.309082
24.960;1.831393;-1.336680
24.970;1.837471;-1.364899
24.980;1.844602;-1.393107
24.990;1.852574;-1.420680
25.000;1.861278;-1.447282
25.010;1.870535;-1.473074
25.020;1.880033;-1.498764
25.030;1.889342;-1.525433
25.040;1.897952;-1.554192
25.050;1.905314;-1.585813
25.060;1.910878;-1.620476
25.070;1.914178;-1.657672
25.080;1.914951;-1.696257
25.090;1.913270;-1.734618
25.100;1.909611;-1.770959
25.110;1.904822;-1.803635
25.120;1.899986;-1.831454
25.130;1.896226;-1.853851
25.140;1.894522;-1.870907
25.150;1.895587;-1.883242
25.160;1.899822;-1.891853
25.170;1.907337;-1.897971
25.180;1.918007;-1.902931
25.190;1.931561;-1.908050
25.200;1.947652;-1.914475
25.210;1.965903;-1.923008
25.220;1.985926;-1.933968
25.230;2.007334;-1.947139
25.240;2.029781;-1.961858
25.250;2.052998;-1.977210
25.260;2.076799;-1.992276
25.270;2.101012;-2.006351
25.280;2.125368;-2.019070
25.290;2.149413;-2.030404
25.300;2.172479;-2.040534
25.310;2.193748;-2.049646
25.320;2.212351;-2.057747
25.330;2.227470;-2.064616
25.340;2.238363;-2.069938
25.350;2.244335;-2.073553
25.360;2.244696;-2.075670
25.370;2.238752;-2.076904
25.380;2.225901;-2.078146
25.390;2.205799;-2.080318
25.400;2.178523;-2.084121
25.410;2.144618;-2.089827
25.420;2.104968;-2.097189
25.430;2.060473;-2.105486
25.440;2.011645;-2.113737
25.450;1.958247;-2.120987
25.460;1.899176;-2.126557
25.470;1.832630;-2.130138
25.480;1.756538;-2.131690
25.490;1.669101;-2.131205
25.500;1.569239;-2.128421
25.510;1.456851;-2.122659
25.520;1.332851;-2.112901
25.530;1.199053;-2.098139
25.540;1.057974;-2.077884
25.550;0.912615;-2.052595
25.560;0.766223;-2.023808
25.570;0.622003;-1.993854
25.580;0.482812;-1.965260
25.590;0.350883;-1.940087
25.600;0.227709;-1.919477
25.610;0.114107;-1.903524
25.620;0.010424;-1.891464
25.630;-0.083234;-1.882043
25.640;-0.166879;-1.873933
25.650;-0.240622;-1.866090
25.660;-0.304720;-1.857967
25.670;-0.359615;-1.849561
25.680;-0.405946;-1.841288
25.690;-0.444546;-1.833766
25.700;-0.476429;-1.827595
25.710;-0.502759;-1.823207
25.720;-0.524799;-1.820816
25.730;-0.543829;-1.820448
25.740;-0.561074;-1.822012
25.750;-0.577658;-1.825354
25.760;-0.594574;-1.830275
25.770;-0.612663;-1.836520
25.780;-0.632565;-1.843799
25.790;-0.654639;-1.851852
25.800;-0.678895;-1.860522
25.810;-0.704981;-1.869739
25.820;-0.732268;-1.879415
25.830;-0.760004;-1.889314
25.840;-0.787479;-1.898992
25.850;-0.814091;-1.907835
25.860;-0.839266;-1.915177
25.870;-0.862245;-1.920458
25.880;-0.881834;-1.923367
25.890;-0.896263;-1.923926
25.900;-0.903234;-1.922485
25.910;-0.900216;-1.919630
25.920;-0.884898;-1.916022
25.930;-0.855672;-1.912203
25.940;-0.811981;-1.908472
25.950;-0.754429;-1.904868
25.960;-0.684679;-1.901281
25.970;-0.605169;-1.897612
25.980;-0.518761;-1.893903
25.990;-0.428378;-1.890377
26.000;-0.336699;-1.887351
26.010;-0.245942;-1.885069
26.020;-0.157760;-1.883527
26.030;-0.073238;-1.882386
26.040;0.007029;-1.881010
26.050;0.082804;-1.878637
26.060;0.154086;-1.874580
26.070;0.221010;-1.868398
26.080;0.283826;-1.859946
26.090;0.342964;-1.849289
26.100;0.399122;-1.836528
26.110;0.453272;-1.821615
26.120;0.506496;-1.804261
26.130;0.559702;-1.784002
26.140;0.613336;-1.760416
26.150;0.667242;-1.733405
26.160;0.720716;-1.703361
26.170;0.772726;-1.671138
26.180;0.822205;-1.637838
26.190;0.868327;-1.604540
26.200;0.910677;-1.572083
26.210;0.949265;-1.540934
26.220;0.984391;-1.511156
26.230;1.016406;-1.482470
26.240;1.045469;-1.454410
26.250;1.071354;-1.426514
26.260;1.093365;-1.398512
26.270;1.110375;-1.370476
26.280;1.120972;-1.342884
26.290;1.123687;-1.316589
26.300;1.117240;-1.292684
26.310;1.100785;-1.272286
26.320;1.074100;-1.256305
26.330;1.037718;-1.245231
26.340;0.992946;-1.238992
26.350;0.941747;-1.236941
26.360;0.886470;-1.237989
26.370;0.829476;-1.240855
26.380;0.772720;-1.244356
26.390;0.717429;-1.247649
26.400;0.663989;-1.250371
26.410;0.612059;-1.252632
26.420;0.560870;-1.254868
26.430;0.509585;-1.257592
26.440;0.457604;-1.261112
26.450;0.404742;-1.265308
26.460;0.351279;-1.269585
26.470;0.297900;-1.273001
26.480;0.245573;-1.274549
26.490;0.195395;-1.273470
26.500;0.148403;-1.269495
26.510;0.105383;-1.262931
26.520;0.066699;-1.254595
26.530;0.032218;-1.245606
26.540;0.001359;-1.237119
26.550;-0.026736;-1.230071
26.560;-0.052963;-1.225029
26.570;-0.078030;-1.222138
26.580;-0.102349;-1.221160
26.590;-0.126067;-1.221600
26.600;-0.149197;-1.222856
26.610;-0.171762;-1.224335
26.620;-0.193837;-1.225478
26.630;-0.215436;-1.225705
26.640;-0.236304;-1.224376
26.650;-0.255751;-1.220837
26.660;-0.272639;-1.214536
26.670;-0.285562;-1.205144
26.680;-0.293152;-1.192575
26.690;-0.294398;-1.176906
26.700;-0.288889;-1.158331
26.710;-0.276925;-1.137199
26.720;-0.259493;-1.114156
26.730;-0.238137;-1.090198
26.740;-0.214732;-1.066540
26.750;-0.191217;-1.044274
26.760;-0.169290;-1.023987
26.770;-0.150146;-1.005547
26.780;-0.134307;-0.988187
26.790;-0.121639;-0.970873
26.800;-0.111535;-0.952744
26.810;-0.103210;-0.933430
26.820;-0.095994;-0.913116
26.830;-0.089525;-0.892350
26.840;-0.083781;-0.871707
26.850;-0.078992;-0.851488
26.860;-0.075490;-0.831591
26.870;-0.073585;-0.811599
26.880;-0.073497;-0.791069
26.890;-0.075360;-0.769879
26.900;-0.079262;-0.748454
26.910;-0.085294;-0.727699
26.920;-0.093529;-0.708622
26.930;-0.103956;-0.691829
26.940;-0.116403;-0.677155
26.950;-0.130502;-0.663636
26.960;-0.145727;-0.649830
26.970;-0.161441;-0.634318
26.980;-0.176906;-0.616166
26.990;-0.191273;-0.595168
27.000;-0.203610;-0.571824
27.010;-0.212998;-0.547064
27.020;-0.218674;-0.521851
27.030;-0.220126;-0.496779
27.040;-0.217117;-0.471854
27.050;-0.209627;-0.446510
27.060;-0.197788;-0.419858
27.070;-0.181861;-0.391080
27.080;-0.162294;-0.359806
27.090;-0.139821;-0.326313
27.100;-0.115519;-0.291464
27.110;-0.090760;-0.256419
27.120;-0.067001;-0.222266
27.130;-0.045493;-0.189760
27.140;-0.027001;-0.159247
27.150;-0.011667;-0.130786
27.160;0.000924;-0.104344
27.170;0.011484;-0.079963
27.180;0.020693;-0.057825
27.190;0.028913;-0.038246
27.200;0.036066;-0.021627
27.210;0.041664;-0.008383
27.220;0.044914;0.001160
27.230;0.044850;0.006895
27.240;0.040475;0.009053
27.250;0.030942;0.008260
27.260;0.015766;0.005467
27.270;-0.004980;0.001765
27.280;-0.030578;-0.001877
27.290;-0.059748;-0.004850
27.300;-0.090889;-0.007019
27.310;-0.122396;-0.008660
27.320;-0.152966;-0.010232
27.330;-0.181802;-0.012073
27.340;-0.208694;-0.014160
27.350;-0.233965;-0.016050
27.360;-0.258298;-0.017024
27.370;-0.282482;-0.016373
27.380;-0.307155;-0.013718
27.390;-0.332615;-0.009189
27.400;-0.358782;-0.003396
27.410;-0.385295;0.002803
27.420;-0.411678;0.008592
27.430;-0.437485;0.013413
27.440;-0.462404;0.017007
27.450;-0.486297;0.019345
27.460;-0.509185;0.020526
27.470;-0.531157;0.020712
27.480;-0.552211;0.020106
27.490;-0.572113;0.018951
27.500;-0.590328;0.017545
27.510;-0.606102;0.016213
27.520;-0.618681;0.015248
27.530;-0.627574;0.014808
27.540;-0.632751;0.014820
27.550;-0.634696;0.014967
27.560;-0.634284;0.014782
27.570;-0.632587;0.013830
27.580;-0.630653;0.011844
27.590;-0.629338;0.008760
27.600;-0.629166;0.004655
27.610;-0.630239;-0.000375
27.620;-0.632219;-0.006290
27.630;-0.634424;-0.013113
27.640;-0.636012;-0.020849
27.650;-0.636202;-0.029369
27.660;-0.634439;-0.038346
27.670;-0.630494;-0.047282
27.680;-0.624483;-0.055594
27.690;-0.616817;-0.062734
27.700;-0.608072;-0.068290
27.710;-0.598840;-0.072019
27.720;-0.589603;-0.073821
27.730;-0.580718;-0.073634
27.740;-0.572456;-0.071352
27.750;-0.565050;-0.066823
27.760;-0.558701;-0.059970
27.770;-0.553557;-0.050976
27.780;-0.549691;-0.040388
27.790;-0.547107;-0.029053
27.800;-0.545746;-0.017899
27.810;-0.545526;-0.007681
27.820;-0.546403;0.001168
27.830;-0.548449;0.008536
27.840;-0.551912;0.014542
27.850;-0.557198;0.019439
27.860;-0.564759;0.023548
27.870;-0.574918;0.027203
27.880;-0.587741;0.030689
27.890;-0.602997;0.034182
27.900;-0.620248;0.037740
27.910;-0.639001;0.041350
27.920;-0.658867;0.045029
27.930;-0.679686;0.048945
27.940;-0.701616;0.053502
27.950;-0.725175;0.059379
27.960;-0.751189;0.067524
27.970;-0.780615;0.079072
27.980;-0.814262;0.095189
27.990;-0.852482;0.116817
28.000;-0.894973;0.144372
28.010;-0.940765;0.177506
28.020;-0.988409;0.215039
28.030;-1.036304;0.255115
28.040;-1.083003;0.295550
28.050;-1.127385;0.334262
28.060;-1.168663;0.369600
28.070;-1.206261;0.400493
28.080;-1.239691;0.426396
28.090;-1.268497;0.447167
28.100;-1.292311;0.462985
28.110;-1.310986;0.474336
28.120;-1.324706;0.482022
28.130;-1.333958;0.487090
28.140;-1.339357;0.490660
28.150;-1.341382;0.493695
28.160;-1.340205;0.496818
28.170;-1.335699;0.500268
28.180;-1.327597;0.503978
28.190;-1.315708;0.507712
28.200;-1.300052;0.511120
28.210;-1.280848;0.513728
28.220;-1.258392;0.514908
28.230;-1.232902;0.513914
28.240;-1.204457;0.510016
28.250;-1.173052;0.502660
28.260;-1.138756;0.491590
28.270;-1.101842;0.476850
28.280;-1.062812;0.458702
28.290;-1.022307;0.437513
28.300;-0.980943;0.413672
28.310;-0.939188;0.387600
28.320;-0.897313;0.359795
28.330;-0.855398;0.330860
28.340;-0.813379;0.301459
28.350;-0.771079;0.272226
28.360;-0.728229;0.243673
28.370;-0.684492;0.216125
28.380;-0.639495;0.189659
28.390;-0.592871;0.164100
28.400;-0.544282;0.139085
28.410;-0.493429;0.114217
28.420;-0.440081;0.089273
28.430;-0.384124;0.064347
28.440;-0.325617;0.039857
28.450;-0.264814;0.016406
28.460;-0.202135;-0.005449
28.470;-0.138102;-0.025426
28.480;-0.073285;-0.043651
28.490;-0.008289;-0.060659
28.500;0.056251;-0.077249
28.510;0.119693;-0.094220
28.520;0.181430;-0.112105
28.530;0.240943;-0.131030
28.540;0.297849;-0.150751
28.550;0.351946;-0.170858
28.560;0.403249;-0.191030
28.570;0.451965;-0.211236
28.580;0.498394;-0.231803
28.590;0.542795;-0.253331
28.600;0.585264;-0.276493
28.610;0.625678;-0.301812
28.620;0.663736;-0.329490
28.630;0.699057;-0.359349
28.640;0.731344;-0.390913
28.650;0.760551;-0.423602
28.660;0.787014;-0.456945
28.670;0.811482;-0.490724
28.680;0.835001;-0.524984
28.690;0.858678;-0.559916
28.700;0.883381;-0.595694
28.710;0.909478;-0.632336
28.720;0.936715;-0.669662
28.730;0.964257;-0.707349
28.740;0.990873;-0.745009
28.750;1.015211;-0.782251
28.760;1.036089;-0.818697
28.770;1.052752;-0.854026
28.780;1.065016;-0.888073
28.790;1.073250;-0.920950
28.800;1.078159;-0.953119
28.810;1.080486;-0.985359
28.820;1.080776;-1.018609
28.830;1.079347;-1.053737
28.840;1.076459;-1.091280
28.850;1.072536;-1.131259
28.860;1.068312;-1.173120
28.870;1.064813;-1.215863
28.880;1.063191;-1.258318
28.890;1.064460;-1.299472
28.900;1.069268;-1.338709
28.910;1.077779;-1.375878
28.920;1.089690;-1.411174
28.930;1.104354;-1.444882
28.940;1.120928;-1.477109
28.950;1.138517;-1.507595
28.960;1.156296;-1.535708
28.970;1.173591;-1.560620
28.980;1.189887;-1.581613
28.990;1.204757;-1.598349
29.000;1.217753;-1.611012
29.010;1.228350;-1.620238
29.020;1.235993;-1.626920
29.030;1.240252;-1.631959
29.040;1.241017;-1.636049
29.050;1.238626;-1.639555
29.060;1.233866;-1.642493
29.070;1.227815;-1.644625
29.080;1.221564;-1.645599
29.090;1.215915;-1.645051
29.100;1.211161;-1.642617
29.110;1.207061;-1.637850
29.120;1.203032;-1.630143
29.130;1.198471;-1.618741
29.140;1.193075;-1.602886
29.150;1.187027;-1.582041
29.160;1.181002;-1.556100
29.170;1.175974;-1.525489
29.180;1.172884;-1.491121
29.190;1.172281;-1.454181
29.200;1.174088;-1.415783
29.210;1.177577;-1.376588
29.220;1.181536;-1.336526
29.230;1.184560;-1.294822
29.240;1.185366;-1.250366
29.250;1.183029;-1.202280
29.260;1.177085;-1.150410
29.270;1.167437;-1.095484
29.280;1.154165;-1.038904
29.290;1.137351;-0.982366
29.300;1.117061;-0.927531
29.310;1.093508;-0.875863
29.320;1.067307;-0.828614
29.330;1.039683;-0.786825
29.340;1.012481;-0.751275
29.350;0.987933;-0.722372
29.360;0.968216;-0.700031
29.370;0.954993;-0.683638
29.380;0.949077;-0.672141
29.390;0.950353;-0.664222
29.400;0.957945;-0.658498
29.410;0.970562;-0.653663
29.420;0.986865;-0.648584
29.430;1.005743;-0.642391
29.440;1.026435;-0.634559
29.450;1.048519;-0.624956
29.460;1.071824;-0.613814
29.470;1.096305;-0.601599
29.480;1.121941;-0.588820
29.490;1.148651;-0.575863
29.500;1.176246;-0.562916
29.510;1.204416;-0.550031
29.520;1.232772;-0.537275
29.530;1.260944;-0.524864
29.540;1.288697;-0.513206
29.550;1.315993;-0.502846
29.560;1.342955;-0.494345
29.570;1.369726;-0.488169
29.580;1.396316;-0.484592
29.590;1.422521;-0.483636
29.600;1.447978;-0.485059
29.610;1.472295;-0.488406
29.620;1.495185;-0.493105
29.630;1.516493;-0.498564
29.640;1.536130;-0.504235
29.650;1.553942;-0.509627
29.660;1.569622;-0.514281
29.670;1.582720;-0.517754
29.680;1.592763;-0.519633
29.690;1.599397;-0.519610
29.700;1.602493;-0.517591
29.710;1.602141;-0.513810
29.720;1.598584;-0.508866
29.730;1.592151;-0.503674
29.740;1.583217;-0.499309
29.750;1.572225;-0.496798
29.760;1.559743;-0.496941
29.770;1.546514;-0.500186
29.780;1.533447;-0.506575
29.790;1.521499;-0.515745
29.800;1.511468;-0.527011
29.810;1.503778;-0.539522
29.820;1.498342;-0.552466
29.830;1.494571;-0.565260
29.840;1.491533;-0.577663
29.850;1.488199;-0.589762
29.860;1.483699;-0.601890
29.870;1.477496;-0.614509
29.880;1.469409;-0.628112
29.890;1.459514;-0.643135
29.900;1.447971;-0.659881
29.910;1.434859;-0.678504
29.920;1.420080;-0.699047
29.930;1.403334;-0.721511
29.940;1.384173;-0.745886
29.950;1.362103;-0.772133
29.960;1.336714;-0.800157
29.970;1.307796;-0.829846
29.980;1.275404;-0.861142
29.990;1.239876;-0.894100
30.000;1.201834;-0.928825
30.010;1.162207;-0.965271
30.020;1.122266;-1.002961
30.030;1.083622;-1.040771
30.040;1.048120;-1.076963
30.050;1.017588;-1.109535
30.060;0.993503;-1.136774
30.070;0.976683;-1.157784
30.080;0.967124;-1.172742
30.090;0.964034;-1.182779
30.100;0.966035;-1.189560
30.110;0.971440;-1.194734
30.120;0.978512;-1.199477
30.130;0.985664;-1.204274
30.140;0.991608;-1.208986
30.150;0.995448;-1.213149
30.160;0.996707;-1.216355
30.170;0.995253;-1.218504
30.180;0.991131;-1.219807
30.190;0.984387;-1.220556
30.200;0.974971;-1.220828
30.210;0.962765;-1.220299
30.220;0.947703;-1.218289
30.230;0.929890;-1.214038
30.240;0.909667;-1.207088
30.250;0.887583;-1.197574
30.260;0.864270;-1.186275
30.270;0.840260;-1.174372
30.280;0.815803;-1.162990
30.290;0.790789;-1.152744
30.300;0.764838;-1.143471
30.310;0.737545;-1.134250
30.320;0.708796;-1.123692
30.330;0.678974;-1.110364
30.340;0.648984;-1.093219
30.350;0.620077;-1.071871
30.360;0.593589;-1.046667
30.370;0.570685;-1.018555
30.380;0.552170;-0.988842
30.390;0.538419;-0.958901
30.400;0.529396;-0.929924
30.410;0.524770;-0.902751
30.420;0.524057;-0.877794
30.430;0.526755;-0.855053
30.440;0.532433;-0.834190
30.450;0.540750;-0.814644
30.460;0.551375;-0.795757
30.470;0.563854;-0.776872
30.480;0.577497;-0.757406
30.490;0.591355;-0.736909
30.500;0.604343;-0.715091
30.510;0.615444;-0.691856
30.520;0.623930;-0.667311
30.530;0.629504;-0.641761
30.540;0.632302;-0.615674
30.550;0.632765;-0.589605
30.560;0.631409;-0.564089
30.570;0.628620;-0.539525
30.580;0.624530;-0.516098
30.590;0.619043;-0.493761
30.600;0.611958;-0.472297
30.610;0.603063;-0.451436
30.620;0.592133;-0.430990
30.630;0.578812;-0.410904
30.640;0.562499;-0.391226
30.650;0.542354;-0.372012
30.660;0.517469;-0.353257
30.670;0.487159;-0.334875
30.680;0.451213;-0.316704
30.690;0.410026;-0.298482
30.700;0.364580;-0.279815
30.710;0.316294;-0.260213
30.720;0.266775;-0.239229
30.730;0.217513;-0.216681
30.740;0.169572;-0.192830
30.750;0.123427;-0.168411
30.760;0.078988;-0.144465
30.770;0.035831;-0.122061
30.780;-0.006479;-0.102013
30.790;-0.048082;-0.084702
30.800;-0.088632;-0.070036
30.810;-0.127261;-0.057540
30.820;-0.162697;-0.046522
30.830;-0.193483;-0.036266
30.840;-0.218241;-0.026189
30.850;-0.235942;-0.015924
30.860;-0.246129;-0.005322
30.870;-0.249053;0.005581
30.880;-0.245652;0.016598
30.890;-0.237385;0.027412
30.900;-0.225959;0.037657
30.910;-0.213061;0.047042
30.920;-0.200161;0.055497
30.930;-0.188391;0.063247
30.940;-0.178477;0.070762
30.950;-0.170707;0.078596
30.960;-0.164915;0.087186
30.970;-0.160505;0.096673
30.980;-0.156503;0.106816
30.990;-0.151655;0.117033
31.000;-0.144594;0.126540
31.010;-0.134092;0.134565
31.020;-0.119350;0.140537
31.030;-0.100216;0.144213
31.040;-0.077209;0.145704
31.050;-0.051340;0.145378
31.060;-0.023785;0.143721
31.070;0.004469;0.141205
31.080;0.032896;0.138250
31.090;0.061579;0.135253
31.100;0.091189;0.132629
31.110;0.122831;0.130794
31.120;0.157795;0.130089
31.130;0.197286;0.130684
31.140;0.242218;0.132505
31.150;0.293090;0.135191
31.160;0.349942;0.138121
31.170;0.412341;0.140525
31.180;0.479389;0.141704
31.190;0.549789;0.141279
31.200;0.622015;0.139351
31.210;0.694563;0.136472
31.220;0.766195;0.133412
31.230;0.836094;0.130829
31.240;0.903875;0.128979
31.250;0.969484;0.127607
31.260;1.033043;0.126061
31.270;1.094715;0.123566
31.280;1.154652;0.119486
31.290;1.213040;0.113437
31.300;1.270199;0.105229
31.310;1.326638;0.094736
31.320;1.382986;0.081831
31.330;1.439814;0.066434
31.340;1.497446;0.048633
31.350;1.555869;0.028757
31.360;1.614755;0.007364
31.370;1.673581;-0.014864
31.380;1.731755;-0.037249
31.390;1.788716;-0.059213
31.400;1.843985;-0.080332
31.410;1.897183;-0.100357
31.420;1.948008;-0.119193
31.430;1.996178;-0.136822
31.440;2.041372;-0.153188
31.450;2.083184;-0.168098
31.460;2.121123;-0.181196
31.470;2.154639;-0.192039
31.480;2.183168;-0.200241
31.490;2.206195;-0.205641
31.500;2.223319;-0.208437
31.510;2.234323;-0.209224
31.520;2.239229;-0.208901
31.530;2.238297;-0.208459
31.540;2.232007;-0.208724
31.550;2.221013;-0.210164
31.560;2.206099;-0.212830
31.570;2.188113;-0.216432
31.580;2.167898;-0.220513
31.590;2.146230;-0.224616
31.600;2.123779;-0.228393
31.610;2.101091;-0.231621
31.620;2.078583;-0.234157
31.630;2.056536;-0.235882
31.640;2.035101;-0.236673
31.650;2.014311;-0.236404
31.660;1.994089;-0.234949
31.670;1.974280;-0.232148
31.680;1.954688;-0.227751
31.690;1.935138;-0.221393
31.700;1.915565;-0.212654
31.710;1.896123;-0.201215
31.720;1.877275;-0.187028
31.730;1.859802;-0.170439
31.740;1.844702;-0.152211
31.750;1.832972;-0.133443
31.760;1.825338;-0.115378
31.770;1.822008;-0.099127
31.780;1.822526;-0.085417
31.790;1.825775;-0.074488
31.800;1.830156;-0.066221
31.810;1.833900;-0.060400
31.820;1.835454;-0.056963
31.830;1.833832;-0.056095
31.840;1.828812;-0.058129
31.850;1.820941;-0.063330
31.860;1.811334;-0.071666
31.870;1.801354;-0.082685
31.880;1.792248;-0.095539
31.890;1.784854;-0.109117
31.900;1.779486;-0.122211
31.910;1.776004;-0.133682
31.920;1.774006;-0.142619
31.930;1.773039;-0.148543
31.940;1.772744;-0.151597
31.950;1.772900;-0.152634
31.960;1.773408;-0.153109
31.970;1.774254;-0.154728
31.980;1.775476;-0.158964
31.990;1.777141;-0.166628
32.000;1.779324;-0.177680
32.010;1.782124;-0.191367
32.020;1.785688;-0.206617
32.030;1.790242;-0.222450
32.040;1.796067;-0.238241
32.050;1.803427;-0.253734
32.060;1.812459;-0.268886
32.070;1.823077;-0.283740
32.080;1.834964;-0.298403
32.090;1.847672;-0.313138
32.100;1.860811;-0.328431
32.110;1.874237;-0.344921
32.120;1.888143;-0.363188
32.130;1.902999;-0.383523
32.140;1.919349;-0.405804
32.150;1.937531;-0.429513
32.160;1.957450;-0.453866
32.170;1.978498;-0.477986
32.180;1.999653;-0.501074
32.190;2.019724;-0.522571
32.200;2.037646;-0.542280
32.210;2.052734;-0.560423
32.220;2.064818;-0.577618
32.230;2.074226;-0.594792
32.240;2.081668;-0.613038
32.250;2.088062;-0.633400
32.260;2.094343;-0.656612
32.270;2.101293;-0.682895
32.280;2.109400;-0.711898
32.290;2.118819;-0.742857
32.300;2.129464;-0.774869
32.310;2.141195;-0.807174
32.320;2.153999;-0.839296
32.330;2.168054;-0.871024
32.340;2.183641;-0.902279
32.350;2.200970;-0.932977
32.360;2.220016;-0.962928
32.370;2.240439;-0.991798
32.380;2.261586;-1.019109
32.390;2.282541;-1.044314
32.400;2.302247;-1.066959
32.410;2.319685;-1.086852
32.420;2.334110;-1.104187
32.430;2.345230;-1.119538
32.440;2.353267;-1.133720
32.450;2.358866;-1.147576
32.460;2.362913;-1.161749
32.470;2.366334;-1.176549
32.480;2.369928;-1.191940
32.490;2.374253;-1.207627
32.500;2.379568;-1.223137
32.510;2.385828;-1.237882
32.520;2.392767;-1.251237
32.530;2.400009;-1.262699
32.540;2.407200;-1.272108
32.550;2.414098;-1.279814
32.560;2.420584;-1.286664
32.570;2.426591;-1.293750
32.580;2.431961;-1.302020
32.590;2.436318;-1.311914
32.600;2.439009;-1.323222
32.610;2.439167;-1.335217
32.620;2.435858;-1.346997
32.630;2.428280;-1.357882
32.640;2.415938;-1.367684
32.650;2.398712;-1.376768
32.660;2.376788;-1.385914
32.670;2.350484;-1.396071
32.680;2.320040;-1.408107
32.690;2.285446;-1.422607
32.700;2.246396;-1.439744
32.710;2.202367;-1.459264
32.720;2.152769;-1.480584
32.730;2.097124;-1.502973
32.740;2.035207;-1.525725
32.750;1.967182;-1.548257
32.760;1.893685;-1.570113
32.770;1.815832;-1.590920
32.780;1.735091;-1.610354
32.790;1.653087;-1.628108
32.800;1.571380;-1.643863
32.810;1.491274;-1.657259
32.820;1.413687;-1.667867
32.830;1.339094;-1.675229
32.840;1.267621;-1.678982
32.850;1.199281;-1.679034
32.860;1.134244;-1.675696
32.870;1.072993;-1.669691
32.880;1.016274;-1.662032
32.890;0.964856;-1.653820
32.900;0.919251;-1.646027
32.910;0.879514;-1.639304
32.920;0.845218;-1.633865
32.930;0.815577;-1.629539
32.940;0.789636;-1.625975
32.950;0.766452;-1.622927
32.960;0.745220;-1.620460
32.970;0.725344;-1.618948
32.980;0.706463;-1.618876
32.990;0.688434;-1.620529
33.000;0.671266;-1.623737
33.010;0.654995;-1.627830
33.020;0.639533;-1.631803
33.030;0.624559;-1.634607
33.040;0.609524;-1.635424
33.050;0.593785;-1.633843
33.060;0.576839;-1.629921
33.070;0.558561;-1.624154
33.080;0.539342;-1.617371
33.090;0.520042;-1.610583
33.100;0.501782;-1.604820
33.110;0.485653;-1.600978
33.120;0.472463;-1.599685
33.130;0.462605;-1.601231
33.140;0.456054;-1.605557
33.150;0.452496;-1.612329
33.160;0.451540;-1.621035
33.170;0.452959;-1.631032
33.180;0.456827;-1.641561
33.190;0.463497;-1.651745
33.200;0.473427;-1.660664
33.210;0.486968;-1.667497
33.220;0.504201;-1.671714
33.230;0.524863;-1.673194
33.240;0.548373;-1.672213
33.250;0.573921;-1.669279
33.260;0.600636;-1.664936
33.270;0.627728;-1.659614
33.280;0.654545;-1.653603
33.290;0.680538;-1.647104
33.300;0.705212;-1.640268
33.310;0.728146;-1.633197
33.320;0.749084;-1.625896
33.330;0.768014;-1.618219
33.340;0.785147;-1.609831
33.350;0.800768;-1.600251
33.360;0.815045;-1.588995
33.370;0.827866;-1.575786
33.380;0.838798;-1.560723
33.390;0.847195;-1.544330
33.400;0.852440;-1.527431
33.410;0.854255;-1.510903
33.420;0.852985;-1.495401
33.430;0.849742;-1.481156
33.440;0.846308;-1.467961
33.450;0.844790;-1.455340
33.460;0.847078;-1.442835
33.470;0.854336;-1.430233
33.480;0.866722;-1.417626
33.490;0.883479;-1.405265
33.500;0.903321;-1.393348
33.510;0.924938;-1.381875
33.520;0.947403;-1.370685
33.530;0.970367;-1.359611
33.540;0.994021;-1.348649
33.550;1.018878;-1.338018
33.560;1.045451;-1.328090
33.570;1.073956;-1.319254
33.580;1.104172;-1.311750
33.590;1.135506;-1.305550
33.600;1.167223;-1.300323
33.610;1.198730;-1.295536
33.620;1.229744;-1.290633
33.630;1.260283;-1.285210
33.640;1.290490;-1.279089
33.650;1.320405;-1.272305
33.660;1.349813;-1.265063
33.670;1.378236;-1.257710
33.680;1.405041;-1.250681
33.690;1.429597;-1.244411
33.700;1.451364;-1.239207
33.710;1.469921;-1.235142
33.720;1.484937;-1.232054
33.730;1.496170;-1.229674
33.740;1.503489;-1.227830
33.750;1.506910;-1.226574
33.760;1.506589;-1.226123
33.770;1.502760;-1.226664
33.780;1.495657;-1.228151
33.790;1.485433;-1.230240
33.800;1.472121;-1.232391
33.810;1.455679;-1.234070
33.820;1.436091;-1.234909
33.830;1.413496;-1.234764
33.840;1.388266;-1.233638
33.850;1.360998;-1.231579
33.860;1.332422;-1.228600
33.870;1.303252;-1.224688
33.880;1.274020;-1.219859
33.890;1.244962;-1.214235
33.900;1.215983;-1.208073
33.910;1.186697;-1.201752
33.920;1.156524;-1.195703
33.930;1.124798;-1.190298
33.940;1.090880;-1.185736
33.950;1.054270;-1.181985
33.960;1.014719;-1.178819
33.970;0.972285;-1.175946
33.980;0.927323;-1.173155
33.990;0.880379;-1.170410
34.000;0.832036;-1.167848
34.010;0.782776;-1.165692
34.020;0.732894;-1.164146
34.030;0.682510;-1.163370
34.040;0.631628;-1.163544
34.050;0.580215;-1.164957
34.060;0.528267;-1.168013
34.070;0.475885;-1.173120
34.080;0.423351;-1.180525
34.090;0.371211;-1.190175
34.100;0.320305;-1.201663
34.110;0.271699;-1.214301
34.120;0.226524;-1.227274
34.130;0.185787;-1.239829
34.140;0.150192;-1.251438
34.150;0.120028;-1.261861
34.160;0.095105;-1.271116
34.170;0.074780;-1.279371
34.180;0.058097;-1.286846
34.190;0.044030;-1.293767
34.200;0.031763;-1.300394
34.210;0.020874;-1.307099
34.220;0.011319;-1.314384
34.230;0.003222;-1.322798
34.240;-0.003419;-1.332727
34.250;-0.008960;-1.344187
34.260;-0.014152;-1.356731
34.270;-0.019992;-1.369550
34.280;-0.027452;-1.381702
34.290;-0.037195;-1.392386
34.300;-0.049403;-1.401152
34.310;-0.063780;-1.407999
34.320;-0.079696;-1.413344
34.330;-0.096409;-1.417853
34.340;-0.113262;-1.422181
34.350;-0.129825;-1.426695
34.360;-0.145947;-1.431309
34.370;-0.161740;-1.435497
34.380;-0.177476;-1.438476
34.390;-0.193421;-1.439447
34.400;-0.209661;-1.437777
34.410;-0.226005;-1.433089
34.420;-0.241998;-1.425259
34.430;-0.257034;-1.414390
34.440;-0.270498;-1.400764
34.450;-0.281899;-1.384737
34.460;-0.290955;-1.366604
34.470;-0.297627;-1.346471
34.480;-0.302102;-1.324253
34.490;-0.304773;-1.299795
34.500;-0.306223;-1.273065
34.510;-0.307203;-1.244288
34.520;-0.308537;-1.213933
34.530;-0.310936;-1.182585
34.540;-0.314747;-1.150769
34.550;-0.319781;-1.118802
34.560;-0.325307;-1.086719
34.570;-0.330228;-1.054279
34.580;-0.333351;-1.021009
34.590;-0.333627;-0.986286
34.600;-0.330304;-0.949444
34.610;-0.322957;-0.909913
34.620;-0.311423;-0.867378
34.630;-0.295659;-0.821892
34.640;-0.275601;-0.773879
34.650;-0.251108;-0.724020
34.660;-0.222029;-0.673080
34.670;-0.188355;-0.621778
34.680;-0.150356;-0.570730
34.690;-0.108629;-0.520399
34.700;-0.064026;-0.471047
34.710;-0.017489;-0.422664
34.720;0.030168;-0.374958
34.730;0.078430;-0.327460
34.740;0.127143;-0.279731
34.750;0.176418;-0.231628
34.760;0.226438;-0.183501
34.770;0.277212;-0.136238
34.780;0.328385;-0.091078
34.790;0.379150;-0.049255
34.800;0.428315;-0.011590
34.810;0.474503;0.021788
34.820;0.516401;0.051485
34.830;0.552986;0.078610
34.840;0.583672;0.104386
34.850;0.608341;0.129745
34.860;0.627306;0.155070
34.870;0.641224;0.180199
34.880;0.651016;0.204657
34.890;0.657792;0.228026
34.900;0.662741;0.250253
34.910;0.666996;0.271755
34.920;0.671503;0.293293
34.930;0.676991;0.315670
34.940;0.684042;0.339423
34.950;0.693202;0.364637
34.960;0.705032;0.390938
34.970;0.720055;0.417645
34.980;0.738612;0.443974
34.990;0.760728;0.469201
35.000;0.786059;0.492760
35.010;0.813947;0.514282
35.020;0.843548;0.533617
35.030;0.873967;0.550855
35.040;0.904335;0.566292
35.050;0.933828;0.580360
35.060;0.961664;0.593491
35.070;0.987131;0.605974
35.080;1.009640;0.617826
35.090;1.028813;0.628712
35.100;1.044573;0.637954
35.110;1.057196;0.644608
35.120;1.067257;0.647639
35.130;1.075477;0.646162
35.140;1.082554;0.639713
35.150;1.089025;0.628466
35.160;1.095224;0.613301
35.170;1.101277;0.595656
35.180;1.107099;0.577184
35.190;1.112363;0.559317
35.200;1.116475;0.542881
35.210;1.118614;0.527926
35.220;1.117880;0.513801
35.230;1.113503;0.499466
35.240;1.105053;0.483918
35.250;1.092525;0.466588
35.260;1.076286;0.447540
35.270;1.056889;0.427416
35.280;1.034861;0.407140
35.290;1.010549;0.387542
35.300;0.984079;0.369065
35.310;0.955406;0.351652
35.320;0.924427;0.334814
35.330;0.891081;0.317788
35.340;0.855405;0.299736
35.350;0.817535;0.279936
35.360;0.777688;0.257915
35.370;0.736111;0.233530
35.380;0.693028;0.206948
35.390;0.648574;0.178587
35.400;0.602781;0.149038
35.410;0.555659;0.119022
35.420;0.507375;0.089384
35.430;0.458445;0.061090
35.440;0.409831;0.035204
35.450;0.362897;0.012791
35.460;0.319233;-0.005220
35.470;0.280427;-0.018200
35.480;0.247823;-0.025940
35.490;0.222312;-0.028703
35.500;0.204170;-0.027184
35.510;0.193002;-0.022368
35.520;0.187780;-0.015343
35.530;0.187019;-0.007156
35.540;0.189042;0.001239
35.550;0.192280;0.008982
35.560;0.195492;0.015336
35.570;0.197851;0.019774
35.580;0.198877;0.022074
35.590;0.198326;0.022342
35.600;0.196082;0.020902
35.610;0.192109;0.018090
35.620;0.186425;0.014045
35.630;0.179101;0.008627
35.640;0.170251;0.001520
35.650;0.160024;-0.007547
35.660;0.148605;-0.018574
35.670;0.136230;-0.031201
35.680;0.123222;-0.044801
35.690;0.110072;-0.058714
35.700;0.097498;-0.072477
35.710;0.086479;-0.085919
35.720;0.078195;-0.099053
35.730;0.073898;-0.111871
35.740;0.074719;-0.124169
35.750;0.081462;-0.135516
35.760;0.094444;-0.145371
35.770;0.113469;-0.153281
35.780;0.137933;-0.159073
35.790;0.167050;-0.162973
35.800;0.200052;-0.165597
35.810;0.236304;-0.167792
35.820;0.275279;-0.170394
35.830;0.316483;-0.173973
35.840;0.359381;-0.178674
35.850;0.403411;-0.184218
35.860;0.448083;-0.190075
35.870;0.493075;-0.195720
35.880;0.538246;-0.200861
35.890;0.583528;-0.205534
35.900;0.628794;-0.210058
35.910;0.673769;-0.214899
35.920;0.718048;-0.220509
35.930;0.761184;-0.227167
35.940;0.802842;-0.234870
35.950;0.842952;-0.243311
35.960;0.881804;-0.251964
35.970;0.920007;-0.260270
35.980;0.958326;-0.267852
35.990;0.997449;-0.274662
36.000;1.037796;-0.280988
36.010;1.079458;-0.287334
36.020;1.122268;-0.294223
36.030;1.165941;-0.302002
36.040;1.210192;-0.310730
36.050;1.254797;-0.320178
36.060;1.299576;-0.329943
36.070;1.344352;-0.339632
36.080;1.388906;-0.349047
36.090;1.432966;-0.358294
36.100;1.476211;-0.367768
36.110;1.518253;-0.378043
36.120;1.558590;-0.389684
36.130;1.596551;-0.403082
36.140;1.631305;-0.418362
36.150;1.661970;-0.435423
36.160;1.687807;-0.454059
36.170;1.708439;-0.474106
36.180;1.724000;-0.495543
36.190;1.735170;-0.518496
36.200;1.743080;-0.543149
36.210;1.749105;-0.569576
36.220;1.754598;-0.597566
36.230;1.760623;-0.626511
36.240;1.767763;-0.655413
36.250;1.776059;-0.683035
36.260;1.785099;-0.708172
36.270;1.794241;-0.729982
36.280;1.802907;-0.748214
36.290;1.810840;-0.763228
36.300;1.818228;-0.775769
36.310;1.825647;-0.786623
36.320;1.833816;-0.796350
36.330;1.843257;-0.805199
36.340;1.853980;-0.813223
36.350;1.865327;-0.820433
36.360;1.876046;-0.826889
36.370;1.884556;-0.832710
36.380;1.889316;-0.838059
36.390;1.889137;-0.843132
36.400;1.883346;-0.848142
36.410;1.871773;-0.853277
36.420;1.854625;-0.858646
36.430;1.832338;-0.864229
36.440;1.805460;-0.869909
36.450;1.774571;-0.875579
36.460;1.740172;-0.881279
36.470;1.702532;-0.887246
36.480;1.661544;-0.893821
36.490;1.616648;-0.901253
36.500;1.566905;-0.909560
36.510;1.511219;-0.918527
36.520;1.448667;-0.927881
36.530;1.378788;-0.937510
36.540;1.301716;-0.947587
36.550;1.218105;-0.958525
36.560;1.128905;-0.970789
36.570;1.035117;-0.984642
36.580;0.937651;-0.999963
36.590;0.837346;-1.016201
36.600;0.735095;-1.032530
36.610;0.631967;-1.048149
36.620;0.529221;-1.062622
36.630;0.428179;-1.076079
36.640;0.330011;-1.089204
36.650;0.235540;-1.102997
36.660;0.145155;-1.118423
36.670;0.058876;-1.136072
36.680;-0.023466;-1.155951
36.690;-0.102023;-1.177467
36.700;-0.176798;-1.199613
36.710;-0.247629;-1.221280
36.720;-0.314241;-1.241555
36.730;-0.376303;-1.259918
36.740;-0.433462;-1.276250
36.750;-0.485368;-1.290721
36.760;-0.531725;-1.303595
36.770;-0.572350;-1.315089
36.780;-0.607248;-1.325288
36.790;-0.636665;-1.334171
36.800;-0.661122;-1.341700
36.810;-0.681394;-1.347971
36.820;-0.698407;-1.353322
36.830;-0.713084;-1.358342
36.840;-0.726194;-1.363727
36.850;-0.738255;-1.370017
36.860;-0.749517;-1.377324
36.870;-0.759996;-1.385161
36.880;-0.769524;-1.392513
36.890;-0.777803;-1.398135
36.900;-0.784465;-1.400988
36.910;-0.789155;-1.400584
36.920;-0.791648;-1.397108
36.930;-0.791968;-1.391325
36.940;-0.790472;-1.384341
36.950;-0.787808;-1.377318
36.960;-0.784762;-1.371184
36.970;-0.782020;-1.366397
36.980;-0.779988;-1.362840
36.990;-0.778719;-1.359904
37.000;-0.777997;-1.356716
37.010;-0.777508;-1.352408
37.020;-0.777025;-1.346349
37.030;-0.776546;-1.338248
37.040;-0.776330;-1.328143
37.050;-0.776822;-1.316316
37.060;-0.778458;-1.303169
37.070;-0.781446;-1.289143
37.080;-0.785613;-1.274666
37.090;-0.790419;-1.260135
37.100;-0.795141;-1.245860
37.110;-0.799128;-1.231952
37.120;-0.802008;-1.218228
37.130;-0.803761;-1.204197
37.140;-0.804668;-1.189179
37.150;-0.805214;-1.172540
37.160;-0.805974;-1.153945
37.170;-0.807502;-1.133515
37.180;-0.810213;-1.111810
37.190;-0.814222;-1.089662
37.200;-0.819189;-1.067943
37.210;-0.824210;-1.047375
37.220;-0.827854;-1.028413
37.230;-0.828376;-1.011168
37.240;-0.824087;-0.995404
37.250;-0.813777;-0.980613
37.260;-0.797041;-0.966168
37.270;-0.774387;-0.951497
37.280;-0.747104;-0.936239
37.290;-0.716937;-0.920304
37.300;-0.685709;-0.903856
37.310;-0.654991;-0.887236
37.320;-0.625879;-0.870909
37.330;-0.598886;-0.855441
37.340;-0.573976;-0.841495
37.350;-0.550745;-0.829809
37.360;-0.528691;-0.821110
37.370;-0.507515;-0.816000
37.380;-0.487316;-0.814851
37.390;-0.468643;-0.817759
37.400;-0.452368;-0.824555
37.410;-0.439427;-0.834849
37.420;-0.430492;-0.848082
37.430;-0.425700;-0.863609
37.440;-0.424545;-0.880800
37.450;-0.425983;-0.899160
37.460;-0.428731;-0.918405
37.470;-0.431651;-0.938469
37.480;-0.434058;-0.959426
37.490;-0.435840;-0.981346
37.500;-0.437353;-1.004165
37.510;-0.439186;-1.027651
37.520;-0.441909;-1.051448
37.530;-0.445916;-1.075186
37.540;-0.451377;-1.098602
37.550;-0.458267;-1.121664
37.560;-0.466399;-1.144673
37.570;-0.475447;-1.168273
37.580;-0.484965;-1.193301
37.590;-0.494426;-1.220525
37.600;-0.503265;-1.250331
37.610;-0.510931;-1.282545
37.620;-0.516920;-1.316443
37.630;-0.520821;-1.350984
37.640;-0.522373;-1.385143
37.650;-0.521557;-1.418215
37.660;-0.518652;-1.449961
37.670;-0.514236;-1.480562
37.680;-0.509085;-1.510420
37.690;-0.503998;-1.539922
37.700;-0.499583;-1.569257
37.710;-0.496114;-1.598320
37.720;-0.493522;-1.626709
37.730;-0.491541;-1.653822
37.740;-0.489914;-1.679081
37.750;-0.488546;-1.702206
37.760;-0.487509;-1.723425
37.770;-0.486878;-1.743474
37.780;-0.486509;-1.763392
37.790;-0.485891;-1.784159
37.800;-0.484178;-1.806351
37.810;-0.480399;-1.829930
37.820;-0.473748;-1.854286
37.830;-0.463802;-1.878504
37.840;-0.450597;-1.901726
37.850;-0.434519;-1.923442
37.860;-0.416111;-1.943563
37.870;-0.395861;-1.962300
37.880;-0.374082;-1.979954
37.890;-0.350898;-1.996790
37.900;-0.326342;-2.013028
37.910;-0.300500;-2.028901
37.920;-0.273654;-2.044668
37.930;-0.246331;-2.060547
37.940;-0.219257;-2.076615
37.950;-0.193208;-2.092731
37.960;-0.168851;-2.108546
37.970;-0.146605;-2.123561
37.980;-0.126572;-2.137222
37.990;-0.108550;-2.149017
38.000;-0.092108;-2.158569
38.010;-0.076698;-2.165705
38.020;-0.061768;-2.170511
38.030;-0.046869;-2.173350
38.040;-0.031738;-2.174836
38.050;-0.016334;-2.175733
38.060;-0.000799;-2.176804
38.070;0.014614;-2.178645
38.080;0.029599;-2.181558
38.090;0.043803;-2.185524
38.100;0.056789;-2.190274
38.110;0.068014;-2.195417
38.120;0.076853;-2.200566
38.130;0.082701;-2.205425
38.140;0.085120;-2.209816
38.150;0.083989;-2.213653
38.160;0.079573;-2.216927
38.170;0.072450;-2.219744
38.180;0.063313;-2.222366
38.190;0.052728;-2.225200
38.200;0.040991;-2.228707
38.210;0.028149;-2.233287
38.220;0.014165;-2.239212
38.230;-0.000895;-2.246604
38.240;-0.016751;-2.255444
38.250;-0.032919;-2.265576
38.260;-0.048790;-2.276746
38.270;-0.063729;-2.288661
38.280;-0.077157;-2.301049
38.290;-0.088615;-2.313688
38.300;-0.097797;-2.326405
38.310;-0.104547;-2.339065
38.320;-0.108814;-2.351587
38.330;-0.110576;-2.363975
38.340;-0.109781;-2.376344
38.350;-0.106310;-2.388896
38.360;-0.099980;-2.401861
38.370;-0.090569;-2.415413
38.380;-0.077862;-2.429653
38.390;-0.061727;-2.444635
38.400;-0.042189;-2.460433
38.410;-0.019483;-2.477161
38.420;0.005963;-2.494907
38.430;0.033621;-2.513609
38.440;0.062980;-2.532949
38.450;0.093656;-2.552359
38.460;0.125487;-2.571148
38.470;0.158568;-2.588693
38.480;0.193207;-2.604605
38.490;0.229784;-2.618780
38.500;0.268562;-2.631337
38.510;0.309530;-2.642458
38.520;0.352343;-2.652270
38.530;0.396372;-2.660833
38.540;0.440808;-2.668210
38.550;0.484768;-2.674555
38.560;0.527367;-2.680118
38.570;0.567780;-2.685165
38.580;0.605305;-2.689850
38.590;0.639429;-2.694133
38.600;0.669833;-2.697788
38.610;0.696324;-2.700497
38.620;0.718717;-2.701970
38.630;0.736738;-2.702031
38.640;0.750013;-2.700635
38.650;0.758172;-2.697827
38.660;0.761017;-2.693704
38.670;0.758675;-2.688392
38.680;0.751669;-2.682028
38.690;0.740849;-2.674709
38.700;0.727189;-2.666395
38.710;0.711517;-2.656814
38.720;0.694313;-2.645462
38.730;0.675684;-2.631713
38.740;0.655540;-2.615023
38.750;0.633862;-2.595130
38.760;0.610931;-2.572159
38.770;0.587411;-2.546605
38.780;0.564269;-2.519177
38.790;0.542595;-2.490621
38.800;0.523393;-2.461571
38.810;0.507374;-2.432485
38.820;0.494828;-2.403652
38.830;0.485572;-2.375273
38.840;0.479016;-2.347533
38.850;0.474321;-2.320676
38.860;0.470584;-2.294998
38.870;0.467006;-2.270777
38.880;0.463010;-2.248179
38.890;0.458316;-2.227202
38.900;0.452971;-2.207730
38.910;0.447319;-2.189669
38.920;0.441904;-2.173065
38.930;0.437322;-2.158086
38.940;0.434065;-2.144887
38.950;0.432407;-2.133436
38.960;0.432362;-2.123410
38.970;0.433727;-2.114215
38.980;0.436184;-2.105114
38.990;0.439440;-2.095388
39.000;0.443366;-2.084502
39.010;0.448081;-2.072239
39.020;0.453938;-2.058777
39.030;0.461397;-2.044665
39.040;0.470843;-2.030663
39.050;0.482448;-2.017475
39.060;0.496154;-2.005476
39.070;0.511774;-1.994626
39.080;0.529138;-1.984608
39.090;0.548191;-1.975128
39.100;0.568992;-1.966134
39.110;0.591641;-1.957836
39.120;0.616172;-1.950537
39.130;0.642488;-1.944432
39.140;0.670352;-1.939474
39.150;0.699440;-1.935358
39.160;0.729404;-1.931614
39.170;0.759908;-1.927780
39.180;0.790651;-1.923588
39.190;0.821375;-1.919084
39.200;0.851886;-1.914588
39.210;0.882071;-1.910520
39.220;0.911872;-1.907168
39.230;0.941245;-1.904534
39.240;0.970113;-1.902360
39.250;0.998385;-1.900329
39.260;1.026009;-1.898331
39.270;1.053025;-1.896636
39.280;1.079562;-1.895838
39.290;1.105773;-1.896555
39.300;1.131734;-1.899031
39.310;1.157344;-1.902884
39.320;1.182306;-1.907211
39.330;1.206161;-1.911009
39.340;1.228353;-1.913642
39.350;1.248256;-1.915071
39.360;1.265196;-1.915717
39.370;1.278488;-1.916108
39.380;1.287548;-1.916525
39.390;1.292021;-1.916840
39.400;1.291877;-1.916573
39.410;1.287404;-1.915102
39.420;1.279119;-1.911879
39.430;1.267613;-1.906569
39.440;1.253393;-1.899060
39.450;1.236760;-1.889413
39.460;1.217779;-1.877823
39.470;1.196350;-1.864611
39.480;1.172344;-1.850244
39.490;1.145714;-1.835316
39.500;1.116526;-1.820476
39.510;1.084912;-1.806283
39.520;1.050969;-1.792999
39.530;1.014646;-1.780393
39.540;0.975681;-1.767662
39.550;0.933616;-1.753562
39.560;0.887946;-1.736748
39.570;0.838367;-1.716215
39.580;0.785000;-1.691643
39.590;0.728480;-1.663513
39.600;0.669825;-1.632969
39.610;0.610183;-1.601527
39.620;0.550568;-1.570742
39.630;0.491694;-1.541923
39.640;0.433940;-1.515905
39.650;0.377428;-1.492941
39.660;0.322179;-1.472726
39.670;0.268300;-1.454561
39.680;0.216146;-1.437627
39.690;0.166427;-1.421270
39.700;0.120261;-1.405217
39.710;0.079120;-1.389650
39.720;0.044653;-1.375155
39.730;0.018369;-1.362529
39.740;0.001237;-1.352510
39.750;-0.006638;-1.345519
39.760;-0.006126;-1.341521
39.770;0.001109;-1.340064
39.780;0.013030;-1.340478
39.790;0.027752;-1.342149
39.800;0.043993;-1.344769
39.810;0.061300;-1.348476
39.820;0.079987;-1.353843
39.830;0.100839;-1.361711
39.840;0.124688;-1.372910
39.850;0.152053;-1.387949
39.860;0.182948;-1.406827
39.870;0.216893;-1.429026
39.880;0.253062;-1.453723
39.890;0.290456;-1.480088
39.900;0.328021;-1.507548
39.910;0.364714;-1.535894
39.920;0.399543;-1.565215
39.930;0.431652;-1.595756
39.940;0.460463;-1.627763
39.950;0.485828;-1.661382
39.960;0.508117;-1.696573
39.970;0.528159;-1.733062
39.980;0.547013;-1.770352
39.990;0.565677;-1.807815
40.000;0.584851;-1.844848
40.010;0.604865;-1.880990
40.020;0.625743;-1.915995
40.030;0.647349;-1.949841
40.040;0.669492;-1.982718
40.050;0.691978;-2.014988
40.060;0.714580;-2.047115
40.070;0.736997;-2.079561
40.080;0.758837;-2.112701
40.090;0.779668;-2.146767
40.100;0.799101;-2.181814
40.110;0.816885;-2.217696
40.120;0.832961;-2.254045
40.130;0.847457;-2.290270
40.140;0.860647;-2.325609
40.150;0.872879;-2.359235
40.160;0.884505;-2.390442
40.170;0.895821;-2.418850
40.180;0.907030;-2.444552
40.190;0.918220;-2.468090
40.200;0.929394;-2.490226
40.210;0.940509;-2.511600
40.220;0.951522;-2.532449
40.230;0.962412;-2.552522
40.240;0.973165;-2.571239
40.250;0.983755;-2.588012
40.260;0.994099;-2.602556
40.270;1.004044;-2.615018
40.280;1.013367;-2.625832
40.290;1.021794;-2.635422
40.300;1.029010;-2.643901
40.310;1.034664;-2.650943
40.320;1.038388;-2.655834
40.330;1.039839;-2.657653
40.340;1.038747;-2.655532
40.350;1.034958;-2.648889
40.360;1.028484;-2.637595
40.370;1.019530;-2.622044
40.380;1.008496;-2.603082
40.390;0.995884;-2.581803
40.400;0.982150;-2.559246
40.410;0.967533;-2.536135
40.420;0.951991;-2.512791
40.430;0.935274;-2.489234
40.440;0.917111;-2.465380
40.450;0.897419;-2.441216
40.460;0.876424;-2.416898
40.470;0.854669;-2.392781
40.480;0.832909;-2.369373
40.490;0.811914;-2.347191
40.500;0.792280;-2.326558
40.510;0.774283;-2.307402
40.520;0.757844;-2.289200
40.530;0.742570;-2.271115
40.540;0.727870;-2.252277
40.550;0.713122;-2.232098
40.560;0.697858;-2.210455
40.570;0.681943;-2.187702
40.580;0.665650;-2.164507
40.590;0.649597;-2.141609
40.600;0.634537;-2.119601
40.610;0.621067;-2.098812
40.620;0.609363;-2.079299
40.630;0.599068;-2.060900
40.640;0.589373;-2.043334
40.650;0.579271;-2.026321
40.660;0.567905;-2.009713
40.670;0.554864;-1.993554
40.680;0.540318;-1.978053
40.690;0.524948;-1.963470
40.700;0.509729;-1.950016
40.710;0.495674;-1.937798
40.720;0.483633;-1.926795
40.730;0.474190;-1.916861
40.740;0.467669;-1.907722
40.750;0.464188;-1.899003
40.760;0.463736;-1.890274
40.770;0.466216;-1.881098
40.780;0.471430;-1.871067
40.790;0.479032;-1.859856
40.800;0.488526;-1.847267
40.810;0.499353;-1.833295
40.820;0.511050;-1.818152
40.830;0.523406;-1.802254
40.840;0.536521;-1.786122
40.850;0.550753;-1.770226
40.860;0.566561;-1.754766
40.870;0.584310;-1.739500
40.880;0.604121;-1.723727
40.890;0.625812;-1.706491
40.900;0.648951;-1.686939
40.910;0.672985;-1.664666
40.920;0.697399;-1.639872
40.930;0.721836;-1.613298
40.940;0.746132;-1.586012
40.950;0.770259;-1.559153
40.960;0.794191;-1.533685
40.970;0.817789;-1.510198
40.980;0.840734;-1.488785
40.990;0.862567;-1.469046
41.000;0.882786;-1.450218
41.010;0.900977;-1.431426
41.020;0.916897;-1.411996
41.030;0.930497;-1.391729
41.040;0.941829;-1.371016
41.050;0.950891;-1.350688
41.060;0.957465;-1.331687
41.070;0.961065;-1.314718
41.080;0.961046;-1.300055
41.090;0.956835;-1.287554
41.100;0.948186;-1.276791
41.110;0.935335;-1.267211
41.120;0.919004;-1.258204
41.130;0.900217;-1.249149
41.140;0.880018;-1.239495
41.150;0.859167;-1.228874
41.160;0.837950;-1.217201
41.170;0.816181;-1.204647
41.180;0.793377;-1.191478
41.190;0.769013;-1.177833
41.200;0.742720;-1.163571
41.210;0.714311;-1.148265
41.220;0.683640;-1.131333
41.230;0.650400;-1.112249
41.240;0.614035;-1.090781
41.250;0.573856;-1.067197
41.260;0.529372;-1.042347
41.270;0.480679;-1.017604
41.280;0.428707;-0.994666
41.290;0.375167;-0.975301
41.300;0.322198;-0.961065
41.310;0.271818;-0.953024
41.320;0.225455;-0.951515
41.330;0.183730;-0.956045
41.340;0.146607;-0.965396
41.350;0.113781;-0.977914
41.360;0.085138;-0.991872
41.370;0.061026;-1.005769
41.380;0.042253;-1.018503
41.390;0.029795;-1.029410
41.400;0.024383;-1.038216
41.410;0.026132;-1.044928
41.420;0.034399;-1.049708
41.430;0.047888;-1.052760
41.440;0.064945;-1.054290
41.450;0.083909;-1.054535
41.460;0.103395;-1.053833
41.470;0.122441;-1.052653
41.480;0.140476;-1.051570
41.490;0.157136;-1.051159
41.500;0.172031;-1.051859
41.510;0.184582;-1.053810
41.520;0.194033;-1.056701
41.530;0.199646;-1.059712
41.540;0.200984;-1.061641
41.550;0.198141;-1.061244
41.560;0.191781;-1.057671
41.570;0.182966;-1.050766
41.580;0.172851;-1.041095
41.590;0.162364;-1.029683
41.600;0.152008;-1.017618
41.610;0.141859;-1.005699
41.620;0.131737;-0.994269
41.630;0.121464;-0.983250
41.640;0.111069;-0.972307
41.650;0.100821;-0.961021
41.660;0.091112;-0.949005
41.670;0.082241;-0.935928
41.680;0.074241;-0.921505
41.690;0.066805;-0.905476
41.700;0.059346;-0.887621
41.710;0.051152;-0.867829
41.720;0.041576;-0.846197
41.730;0.030210;-0.823090
41.740;0.017001;-0.799116
41.750;0.002281;-0.774989
41.760;-0.013309;-0.751344
41.770;-0.028983;-0.728593
41.780;-0.043993;-0.706867
41.790;-0.057744;-0.686074
41.800;-0.069821;-0.666041
41.810;-0.079958;-0.646655
41.820;-0.087976;-0.627955
41.830;-0.093737;-0.610085
41.840;-0.097111;-0.593166
41.850;-0.097940;-0.577128
41.860;-0.096011;-0.561624
41.870;-0.091064;-0.546028
41.880;-0.082838;-0.529530
41.890;-0.071137;-0.511308
41.900;-0.055881;-0.490746
41.910;-0.037097;-0.467661
41.920;-0.014876;-0.442421
41.930;0.010695;-0.415880
41.940;0.039571;-0.389086
41.950;0.071725;-0.362906
41.960;0.107048;-0.337733
41.970;0.145222;-0.313425
41.980;0.185629;-0.289450
41.990;0.227350;-0.265114
42.000;0.269288;-0.239766
42.010;0.310351;-0.212927
42.020;0.349626;-0.184385
42.030;0.386460;-0.154276
42.040;0.420437;-0.123131
42.050;0.451295;-0.091844
42.060;0.478841;-0.061494
42.070;0.502887;-0.033097
42.080;0.523222;-0.007364
42.090;0.539631;0.015399
42.100;0.551933;0.035219
42.110;0.560041;0.052295
42.120;0.563977;0.066831
42.130;0.563827;0.078989
42.140;0.559649;0.088936
42.150;0.551406;0.096926
42.160;0.538990;0.103312
42.170;0.522342;0.108468
42.180;0.501616;0.112689
42.190;0.477281;0.116164
42.200;0.450112;0.119054
42.210;0.421035;0.121639
42.220;0.390916;0.124417
42.230;0.360384;0.128100
42.240;0.329778;0.133507
42.250;0.299203;0.141386
42.260;0.268605;0.152214
42.270;0.237825;0.166073
42.280;0.206605;0.182644
42.290;0.174594;0.201337
42.300;0.141367;0.221507
42.310;0.106441;0.242626
42.320;0.069288;0.264391
42.330;0.029388;0.286728
42.340;-0.013692;0.309753
42.350;-0.060193;0.333672
42.360;-0.110103;0.358638
42.370;-0.163123;0.384585
42.380;-0.218684;0.411110
42.390;-0.275982;0.437473
42.400;-0.334045;0.462688
42.410;-0.391825;0.485684
42.420;-0.448292;0.505472
42.430;-0.502502;0.521310
42.440;-0.553619;0.532821
42.450;-0.600940;0.540051
42.460;-0.643907;0.543452
42.470;-0.682133;0.543790
42.480;-0.715432;0.541968
42.490;-0.743838;0.538836
42.500;-0.767611;0.535013
42.510;-0.787246;0.530803
42.520;-0.803485;0.526173
42.530;-0.817280;0.520771
42.540;-0.829701;0.513971
42.550;-0.841790;0.504967
42.560;-0.854405;0.492969
42.570;-0.868143;0.477459
42.580;-0.883334;0.458431
42.590;-0.900117;0.436494
42.600;-0.918522;0.412787
42.610;-0.938539;0.388706
42.620;-0.960156;0.365511
42.630;-0.983360;0.343925
42.640;-1.008097;0.323874
42.650;-1.034234;0.304476
42.660;-1.061573;0.284312
42.670;-1.089953;0.261891
42.680;-1.119377;0.236165
42.690;-1.150070;0.206887
42.700;-1.182419;0.174700
42.710;-1.216857;0.140900
42.720;-1.253736;0.106987
42.730;-1.293252;0.074193
42.740;-1.335392;0.043173
42.750;-1.379901;0.013990
42.760;-1.426258;-0.013624
42.770;-1.473661;-0.039901
42.780;-1.521014;-0.064724
42.790;-1.566949;-0.087522
42.800;-1.609906;-0.107351
42.810;-1.648319;-0.123134
42.820;-1.680862;-0.133958
42.830;-1.706699;-0.139334
42.840;-1.725645;-0.139304
42.850;-1.738185;-0.134380
42.860;-1.745332;-0.125362
42.870;-1.748358;-0.113147
42.880;-1.748477;-0.098563
42.890;-1.746552;-0.082256
42.900;-1.742898;-0.064619
42.910;-1.737253;-0.045790
42.920;-1.728909;-0.025677
42.930;-1.716963;-0.004048
42.940;-1.700608;0.019325
42.950;-1.679360;0.044499
42.960;-1.653185;0.071230
42.970;-1.622530;0.098964
42.980;-1.588292;0.126942
42.990;-1.551717;0.154385
43.000;-1.514218;0.180678
43.010;-1.477139;0.205518
43.020;-1.441505;0.228975
43.030;-1.407876;0.251467
43.040;-1.376339;0.273642
43.050;-1.346676;0.296208
43.060;-1.318623;0.319738
43.070;-1.292103;0.344483
43.080;-1.267304;0.370282
43.090;-1.244591;0.396580
43.100;-1.224326;0.422604
43.110;-1.206686;0.447593
43.120;-1.191544;0.471047
43.130;-1.178432;0.492881
43.140;-1.166557;0.513474
43.150;-1.154876;0.533540
43.160;-1.142183;0.553848
43.170;-1.127203;0.574881
43.180;-1.108669;0.596556
43.190;-1.085435;0.618141
43.200;-1.056656;0.638385
43.210;-1.022012;0.655827
43.220;-0.981914;0.669204
43.230;-0.937556;0.677839
43.240;-0.890710;0.681867
43.250;-0.843300;0.682226
43.260;-0.796868;0.680390
43.270;-0.752133;0.677960
43.280;-0.708817;0.676245
43.290;-0.665769;0.675930
43.300;-0.621356;0.676898
43.310;-0.573967;0.678228
43.320;-0.522486;0.678394
43.330;-0.466564;0.675627
43.340;-0.406644;0.668363
43.350;-0.343734;0.655623
43.360;-0.279046;0.637213
43.370;-0.213623;0.613685
43.380;-0.148113;0.586081
43.390;-0.082728;0.555559
43.400;-0.017387;0.523032
43.410;0.048074;0.488949
43.420;0.113737;0.453297
43.430;0.179574;0.415807
43.440;0.245546;0.376224
43.450;0.311768;0.334497
43.460;0.378617;0.290771
43.470;0.446681;0.245235
43.480;0.516565;0.197949
43.490;0.588642;0.148773
43.500;0.662896;0.097457
43.510;0.738916;0.043824
43.520;0.815995;-0.012114
43.530;0.893271;-0.070171
43.540;0.969854;-0.130137
43.550;1.044949;-0.191988
43.560;1.117969;-0.256021
43.570;1.188602;-0.322871
43.580;1.256796;-0.393367
43.590;1.322662;-0.468311
43.600;1.386362;-0.548238
43.610;1.448024;-0.633246
43.620;1.507712;-0.722904
43.630;1.565424;-0.816259
43.640;1.621086;-0.911948
43.650;1.674535;-1.008397
43.660;1.725514;-1.104072
43.670;1.773718;-1.197710
43.680;1.818903;-1.288458
43.690;1.861009;-1.375913
43.700;1.900238;-1.460019
43.710;1.937063;-1.540847
43.720;1.972151;-1.618326
43.730;2.006267;-1.692056
43.740;2.040186;-1.761307
43.750;2.074620;-1.825237
43.760;2.110167;-1.883248
43.770;2.147284;-1.935332
43.780;2.186281;-1.982221
43.790;2.227329;-2.025246
43.800;2.270493;-2.065949
43.810;2.315744;-2.105608
43.820;2.362968;-2.144872
43.830;2.411955;-2.183617
43.840;2.462410;-2.221024
43.850;2.513983;-2.255806
43.860;2.566334;-2.286516
43.870;2.619176;-2.311873
43.880;2.672278;-2.331034
43.890;2.725413;-2.343710
43.900;2.778285;-2.350092
43.910;2.830485;-2.350616
43.920;2.881489;-2.345694
43.930;2.930730;-2.335555
43.940;2.977710;-2.320257
43.950;3.022101;-2.299849
43.960;3.063773;-2.274582
43.970;3.102731;-2.245060
43.980;3.138959;-2.212251
43.990;3.172300;-2.177341
44.000;3.202437;-2.141465
44.010;3.229000;-2.105427
44.020;3.251708;-2.069553
44.030;3.270441;-2.033753
44.040;3.285241;-1.997794
44.050;3.296277;-1.961627
44.060;3.303837;-1.925567
44.070;3.308302;-1.890232
44.080;3.310079;-1.856268
44.090;3.309492;-1.823998
44.100;3.306711;-1.793176
44.110;3.301751;-1.762968
44.120;3.294558;-1.732150
44.130;3.285096;-1.699453
44.140;3.273388;-1.663885
44.150;3.259502;-1.624913
44.160;3.243496;-1.582457
44.170;3.225355;-1.536761
44.180;3.204933;-1.488253
44.190;3.181926;-1.437474
44.200;3.155850;-1.385056
44.210;3.126064;-1.331737
44.220;3.091840;-1.278335
44.230;3.052468;-1.225684
44.240;3.007360;-1.174544
44.250;2.956127;-1.125511
44.260;2.898638;-1.078975
44.270;2.835074;-1.035136
44.280;2.766001;-0.994072
44.290;2.692470;-0.955859
44.300;2.616091;-0.920726
44.310;2.539012;-0.889167
44.320;2.463742;-0.861954
44.330;2.392825;-0.839963
44.340;2.328473;-0.823875
44.350;2.272262;-0.813866
44.360;2.225025;-0.809434
44.370;2.186923;-0.809451
44.380;2.157651;-0.812414
44.390;2.136662;-0.816767
44.400;2.123333;-0.821192
44.410;2.117038;-0.824767
44.420;2.117130;-0.826989
44.430;2.122884;-0.827702
44.440;2.133469;-0.826957
44.450;2.147959;-0.824883
44.460;2.165385;-0.821563
44.470;2.184761;-0.816969
44.480;2.205082;-0.810950
44.490;2.225312;-0.803300
44.500;2.244393;-0.793860
44.510;2.261333;-0.782586
44.520;2.275345;-0.769566
44.530;2.286023;-0.754964
44.540;2.293448;-0.738956
44.550;2.298157;-0.721651
44.560;2.300950;-0.703058
44.570;2.302639;-0.683094
44.580;2.303867;-0.661658
44.590;2.305081;-0.638740
44.600;2.306620;-0.614518
44.610;2.308800;-0.589399
44.620;2.311918;-0.563963
44.630;2.316149;-0.538833
44.640;2.321402;-0.514493
44.650;2.327219;-0.491141
44.660;2.332804;-0.468658
44.670;2.337198;-0.446703
44.680;2.339493;-0.424867
44.690;2.338991;-0.402816
44.700;2.335221;-0.380375
44.710;2.327864;-0.357572
44.720;2.316661;-0.334690
44.730;2.301384;-0.312323
44.740;2.281876;-0.291397
44.750;2.258156;-0.273100
44.760;2.230531;-0.258713
44.770;2.199658;-0.249348
44.780;2.166536;-0.245679
44.790;2.132421;-0.247775
44.800;2.098678;-0.255081
44.810;2.066627;-0.266578
44.820;2.037410;-0.281038
44.830;2.011876;-0.297303
44.840;1.990507;-0.314522
44.850;1.973382;-0.332312
44.860;1.960215;-0.350820
44.870;1.950473;-0.370670
44.880;1.943542;-0.392776
44.890;1.938911;-0.418051
44.900;1.936293;-0.447090
44.910;1.935672;-0.479965
44.920;1.937237;-0.516224
44.930;1.941236;-0.555091
44.940;1.947784;-0.595711
44.950;1.956703;-0.637326
44.960;1.967443;-0.679336
44.970;1.979099;-0.721266
44.980;1.990538;-0.762682
44.990;2.000582;-0.803126
45.000;2.008253;-0.842102
45.010;2.012993;-0.879125
45.020;2.014792;-0.913807
45.030;2.014151;-0.945942
45.040;2.011880;-0.975535
45.050;2.008793;-1.002768
45.060;2.005424;-1.027923
45.070;2.001852;-1.051310
45.080;1.997681;-1.073235
45.090;1.992170;-1.094004
45.100;1.984478;-1.113938
45.110;1.973924;-1.133382
45.120;1.960176;-1.152711
45.130;1.943287;-1.172311
45.140;1.923585;-1.192521
45.150;1.901472;-1.213493
45.160;1.877231;-1.235038
45.170;1.850928;-1.256547
45.180;1.822452;-1.277086
45.190;1.791685;-1.295631
45.200;1.758716;-1.311372
45.210;1.723964;-1.323927
45.220;1.688154;-1.333406
45.230;1.652151;-1.340287
45.240;1.616782;-1.345182
45.250;1.582711;-1.348593
45.260;1.550433;-1.350756
45.270;1.520352;-1.351647
45.280;1.492891;-1.351111
45.290;1.468537;-1.349059
45.300;1.447803;-1.345586
45.310;1.431097;-1.340977
45.320;1.418580;-1.335604
45.330;1.410101;-1.329799
45.340;1.405216;-1.323809
45.350;1.403299;-1.317854
45.360;1.403661;-1.312218
45.370;1.405641;-1.307292
45.380;1.408646;-1.303538
45.390;1.412146;-1.301407
45.400;1.415655;-1.301246
45.410;1.418730;-1.303231
45.420;1.420984;-1.307315
45.430;1.422081;-1.313228
45.440;1.421711;-1.320507
45.450;1.419569;-1.328556
45.460;1.415397;-1.336712
45.470;1.409081;-1.344302
45.480;1.400768;-1.350683
45.490;1.390918;-1.355258
45.500;1.380215;-1.357495
45.510;1.369388;-1.356994
45.520;1.359004;-1.353596
45.530;1.349361;-1.347490
45.540;1.340495;-1.339255
45.550;1.332265;-1.329791
45.560;1.324449;-1.320164
45.570;1.316798;-1.311397
45.580;1.309068;-1.304273
45.590;1.301050;-1.299182
45.600;1.292601;-1.296027
45.610;1.283651;-1.294217
45.620;1.274181;-1.292772
45.630;1.264189;-1.290520
45.640;1.253680;-1.286371
45.650;1.242673;-1.279552
45.660;1.231210;-1.269757
45.670;1.219375;-1.257161
45.680;1.207307;-1.242313
45.690;1.195214;-1.225935
45.700;1.183350;-1.208711
45.710;1.171918;-1.191127
45.720;1.160957;-1.173417
45.730;1.150268;-1.155635
45.740;1.139461;-1.137809
45.750;1.128092;-1.120103
45.760;1.115828;-1.102862
45.770;1.102556;-1.086530
45.780;1.088381;-1.071466
45.790;1.073526;-1.057771
45.800;1.058200;-1.045235
45.810;1.042491;-1.033430
45.820;1.026342;-1.021880
45.830;1.009619;-1.010225
45.840;0.992217;-0.998287
45.850;0.974151;-0.986030
45.860;0.955577;-0.973459
45.870;0.936762;-0.960519
45.880;0.918043;-0.947024
45.890;0.899795;-0.932683
45.900;0.882401;-0.917197
45.910;0.866160;-0.900419
45.920;0.851182;-0.882504
45.930;0.837286;-0.863986
45.940;0.824011;-0.845680
45.950;0.810738;-0.828438
45.960;0.796881;-0.812852
45.970;0.782050;-0.799061
45.980;0.766140;-0.786786
45.990;0.749330;-0.775552
46.000;0.732002;-0.764976
46.010;0.714619;-0.754948
46.020;0.697615;-0.745644
46.030;0.681334;-0.737399
46.040;0.666052;-0.730560
46.050;0.652032;-0.725381
46.060;0.639558;-0.721974
46.070;0.628898;-0.720286
46.080;0.620220;-0.720098
46.090;0.613506;-0.721029
46.100;0.608523;-0.722588
46.110;0.604862;-0.724256
46.120;0.602027;-0.725596
46.130;0.599555;-0.726341
46.140;0.597122;-0.726417
46.150;0.594597;-0.725897
46.160;0.592028;-0.724925
46.170;0.589584;-0.723679
46.180;0.587489;-0.722367
46.190;0.585963;-0.721235
46.200;0.585185;-0.720533
46.210;0.585283;-0.720447
46.220;0.586327;-0.721051
46.230;0.588353;-0.722329
46.240;0.591362;-0.724254
46.250;0.595300;-0.726878
46.260;0.600007;-0.730333
46.270;0.605174;-0.734748
46.280;0.610338;-0.740172
46.290;0.614956;-0.746569
46.300;0.618528;-0.753883
46.310;0.620724;-0.762087
46.320;0.621433;-0.771169
46.330;0.620705;-0.781065
46.340;0.618627;-0.791589
46.350;0.615197;-0.802423
46.360;0.610281;-0.813173
46.370;0.603700;-0.823515
46.380;0.595391;-0.833336
46.390;0.585587;-0.842816
46.400;0.574872;-0.852381
46.410;0.564078;-0.862568
46.420;0.554039;-0.873845
46.430;0.545296;-0.886464
46.440;0.537894;-0.900405
46.450;0.531356;-0.915440
46.460;0.524851;-0.931273
46.470;0.517476;-0.947668
46.480;0.508559;-0.964492
46.490;0.497852;-0.981676
46.500;0.485577;-0.999164
46.510;0.472312;-1.016889
46.520;0.458769;-1.034779
46.530;0.445531;-1.052778
46.540;0.432836;-1.070854
46.550;0.420489;-1.089013
46.560;0.407942;-1.107309
46.570;0.394532;-1.125848
46.580;0.379780;-1.144762
46.590;0.363612;-1.164159
46.600;0.346414;-1.184043
46.610;0.328878;-1.204272
46.620;0.311722;-1.224576
46.630;0.295401;-1.244674
46.640;0.279968;-1.264415
46.650;0.265135;-1.283845
46.660;0.250474;-1.303148
46.670;0.235637;-1.322495
46.680;0.220480;-1.341906
46.690;0.205064;-1.361196
46.700;0.189560;-1.380019
46.710;0.174128;-1.397988
46.720;0.158844;-1.414838
46.730;0.143711;-1.430556
46.740;0.128747;-1.445405
46.750;0.114098;-1.459830
46.760;0.100080;-1.474290
46.770;0.087087;-1.489095
46.780;0.075408;-1.504352
46.790;0.065060;-1.520008
46.800;0.055710;-1.535946
46.810;0.046726;-1.552050
46.820;0.037327;-1.568206
46.830;0.026786;-1.584273
46.840;0.014631;-1.600068
46.850;0.000798;-1.615417
46.860;-0.014334;-1.630239
46.870;-0.030062;-1.644607
46.880;-0.045600;-1.658730
46.890;-0.060407;-1.672863
46.900;-0.074449;-1.687199
46.910;-0.088279;-1.701828
46.920;-0.102892;-1.716768
46.930;-0.119391;-1.732067
46.940;-0.138622;-1.747887
46.950;-0.160941;-1.764536
46.960;-0.186191;-1.782390
46.970;-0.213903;-1.801776
46.980;-0.243561;-1.822852
46.990;-0.274786;-1.845549
47.000;-0.307377;-1.869545
47.010;-0.341228;-1.894286
47.020;-0.376193;-1.919057
47.030;-0.411981;-1.943123
47.040;-0.448127;-1.965888
47.050;-0.484065;-1.987009
47.060;-0.519261;-2.006372
47.070;-0.553338;-2.023977
47.080;-0.586088;-2.039783
47.090;-0.617353;-2.053657
47.100;-0.646834;-2.065419
47.110;-0.673937;-2.074956
47.120;-0.697777;-2.082301
47.130;-0.717373;-2.087643
47.140;-0.731940;-2.091297
47.150;-0.741148;-2.093707
47.160;-0.745209;-2.095462
47.170;-0.744776;-2.097308
47.180;-0.740727;-2.100066
47.190;-0.733949;-2.104453
47.200;-0.725239;-2.110845
47.210;-0.715324;-2.119130
47.220;-0.704941;-2.128730
47.230;-0.694864;-2.138820
47.240;-0.685854;-2.148638
47.250;-0.678555;-2.157744
47.260;-0.673406;-2.166122
47.270;-0.670590;-2.174077
47.280;-0.670045;-2.182004
47.290;-0.671523;-2.190142
47.300;-0.674714;-2.198455
47.310;-0.679377;-2.206708
47.320;-0.685444;-2.214661
47.330;-0.693051;-2.222259
47.340;-0.702474;-2.229725
47.350;-0.714008;-2.237532
47.360;-0.727799;-2.246314
47.370;-0.743686;-2.256729
47.380;-0.761125;-2.269333
47.390;-0.779255;-2.284486
47.400;-0.797123;-2.302295
47.410;-0.813962;-2.322620
47.420;-0.829426;-2.345172
47.430;-0.843651;-2.369682
47.440;-0.857109;-2.396073
47.450;-0.870330;-2.424525
47.460;-0.883630;-2.455371
47.470;-0.897002;-2.488872
47.480;-0.910188;-2.524963
47.490;-0.922862;-2.563086
47.500;-0.934769;-2.602175
47.510;-0.945727;-2.640822
47.520;-0.955500;-2.677534
47.530;-0.963690;-2.711021
47.540;-0.969717;-2.740386
47.550;-0.972933;-2.765251
47.560;-0.972775;-2.785818
47.570;-0.968908;-2.802922
47.580;-0.961313;-2.817988
47.590;-0.950319;-2.832827
47.600;-0.936600;-2.849265
47.610;-0.921104;-2.868711
47.620;-0.904893;-2.891843
47.630;-0.888901;-2.918497
47.640;-0.873688;-2.947792
47.650;-0.859298;-2.978433
47.660;-0.845291;-3.009069
47.670;-0.830973;-3.038586
47.680;-0.815740;-3.066243
47.690;-0.799402;-3.091667
47.700;-0.782349;-3.114733
47.710;-0.765447;-3.135417
47.720;-0.749749;-3.153650
47.730;-0.736133;-3.169241
47.740;-0.725073;-3.181884
47.750;-0.716628;-3.191264
47.760;-0.710600;-3.197207
47.770;-0.706732;-3.199798
47.780;-0.704835;-3.199396
47.790;-0.704766;-3.196480
47.800;-0.706324;-3.191406
47.810;-0.709134;-3.184198
47.820;-0.712605;-3.174529
47.830;-0.716000;-3.161924
47.840;-0.718593;-3.146073
47.850;-0.719830;-3.127102
47.860;-0.719389;-3.105677
47.870;-0.717118;-3.082938
47.880;-0.712899;-3.060313
47.890;-0.706569;-3.039261
47.900;-0.697937;-3.021003
47.910;-0.686905;-3.006296
47.920;-0.673595;-2.995328
47.930;-0.658429;-2.987761
47.940;-0.642121;-2.982885
47.950;-0.625570;-2.979788
47.960;-0.609671;-2.977515
47.970;-0.595086;-2.975186
47.980;-0.582066;-2.972077
47.990;-0.570413;-2.967667
48.000;-0.559587;-2.961638
48.010;-0.548902;-2.953855
48.020;-0.537699;-2.944333
48.030;-0.525437;-2.933183
48.040;-0.511712;-2.920557
48.050;-0.496224;-2.906596
48.060;-0.478745;-2.891413
48.070;-0.459096;-2.875087
48.080;-0.437173;-2.857657
48.090;-0.413005;-2.839108
48.100;-0.386799;-2.819368
48.110;-0.358911;-2.798348
48.120;-0.329745;-2.776006
48.130;-0.299620;-2.752396
48.140;-0.268678;-2.727647
48.150;-0.236906;-2.701884
48.160;-0.204266;-2.675113
48.170;-0.170896;-2.647164
48.180;-0.137277;-2.617707
48.190;-0.104255;-2.586380
48.200;-0.072916;-2.552943
48.210;-0.044320;-2.517459
48.220;-0.019231;-2.480415
48.230;0.002081;-2.442757
48.240;0.019898;-2.405750
48.250;0.034982;-2.370707
48.260;0.048400;-2.338646
48.270;0.061311;-2.310044
48.280;0.074754;-2.284734
48.290;0.089499;-2.261994
48.300;0.105996;-2.240744
48.310;0.124415;-2.219801
48.320;0.144757;-2.198108
48.330;0.166980;-2.174906
48.340;0.191079;-2.149784
48.350;0.217083;-2.122637
48.360;0.244989;-2.093589
48.370;0.274685;-2.062921
48.380;0.305931;-2.031018
48.390;0.338414;-1.998308
48.400;0.371826;-1.965172
48.410;0.405922;-1.931827
48.420;0.440478;-1.898260
48.430;0.475202;-1.864261
48.440;0.509648;-1.829575
48.450;0.543192;-1.794093
48.460;0.575100;-1.757958
48.470;0.604660;-1.721529
48.480;0.631329;-1.685231
48.490;0.654816;-1.649429
48.500;0.675113;-1.614375
48.510;0.692462;-1.580273
48.520;0.707304;-1.547394
48.530;0.720219;-1.516188
48.540;0.731837;-1.487327
48.550;0.742749;-1.461662
48.560;0.753415;-1.440097
48.570;0.764098;-1.423427
48.580;0.774826;-1.412148
48.590;0.785375;-1.406305
48.600;0.795286;-1.405420
48.610;0.803943;-1.408564
48.620;0.810719;-1.414591
48.630;0.815143;-1.422486
48.640;0.817022;-1.431681
48.650;0.816444;-1.442180
48.660;0.813692;-1.454387
48.670;0.809099;-1.468744
48.680;0.802918;-1.485398
48.690;0.795254;-1.504094
48.700;0.786059;-1.524343
48.710;0.775192;-1.545729
48.720;0.762518;-1.568200
48.730;0.747993;-1.592171
48.740;0.731700;-1.618399
48.750;0.713818;-1.647697
48.760;0.694551;-1.680607
48.770;0.674053;-1.717175
48.780;0.652371;-1.756920
48.790;0.629404;-1.799026
48.800;0.604889;-1.842695
48.810;0.578415;-1.887513
48.820;0.549496;-1.933672
48.830;0.517682;-1.981942
48.840;0.482678;-2.033391
48.850;0.444422;-2.088962
48.860;0.403119;-2.149049
48.870;0.359263;-2.213215
48.880;0.313641;-2.280143
48.890;0.267318;-2.347852
48.900;0.221505;-2.414065
48.910;0.177336;-2.476620
48.920;0.135586;-2.533806
48.930;0.096480;-2.584599
48.940;0.059693;-2.628771
48.950;0.024572;-2.666832
48.960;-0.009544;-2.699810
48.970;-0.043035;-2.728901
48.980;-0.075857;-2.755116
48.990;-0.107595;-2.779087
49.000;-0.137654;-2.801082
49.010;-0.165532;-2.821214
49.020;-0.191064;-2.839683
49.030;-0.214523;-2.856949
49.040;-0.236575;-2.873726
49.050;-0.258069;-2.890849
49.060;-0.279791;-2.909063
49.070;-0.302274;-2.928819
49.080;-0.325752;-2.950142
49.090;-0.350258;-2.972582
49.100;-0.375789;-2.995282
49.110;-0.402427;-3.017119
49.120;-0.430340;-3.036910
49.130;-0.459656;-3.053604
49.140;-0.490280;-3.066447
49.150;-0.521761;-3.075043
49.160;-0.553293;-3.079322
49.170;-0.583867;-3.079439
49.180;-0.612532;-3.075677
49.190;-0.638653;-3.068387
49.200;-0.662080;-3.057993
49.210;-0.683188;-3.045020
49.220;-0.702759;-3.030127
49.230;-0.721727;-3.014102
49.240;-0.740882;-2.997791
49.250;-0.760643;-2.981971
49.260;-0.781011;-2.967206
49.270;-0.801680;-2.953733
49.280;-0.822213;-2.941422
49.290;-0.842199;-2.929816
49.300;-0.861342;-2.918245
49.310;-0.879494;-2.905987
49.320;-0.896624;-2.892457
49.330;-0.912742;-2.877339
49.340;-0.927809;-2.860669
49.350;-0.941717;-2.842806
49.360;-0.954348;-2.824289
49.370;-0.965673;-2.805591
49.380;-0.975797;-2.786869
49.390;-0.984874;-2.767838
49.400;-0.992940;-2.747855
49.410;-0.999763;-2.726209
49.420;-1.004833;-2.702441
49.430;-1.007499;-2.676559
49.440;-1.007209;-2.649054
49.450;-1.003726;-2.620741
49.460;-0.997223;-2.592521
49.470;-0.988228;-2.565160
49.480;-0.977461;-2.539175
49.490;-0.965645;-2.514825
49.500;-0.953362;-2.492166
49.510;-0.940984;-2.471098
49.520;-0.928646;-2.451380
49.530;-0.916257;-2.432611
49.540;-0.903566;-2.414248
49.550;-0.890305;-2.395665
49.560;-0.876381;-2.376252
49.570;-0.862025;-2.355487
49.580;-0.847802;-2.332962
49.590;-0.834470;-2.308358
49.600;-0.822732;-2.281387
49.610;-0.812977;-2.251738
49.620;-0.805102;-2.219068
49.630;-0.798517;-2.183066
49.640;-0.792318;-2.143607
49.650;-0.785575;-2.100955
49.660;-0.777603;-2.055908
49.670;-0.768140;-2.009758
49.680;-0.757389;-1.964047
49.690;-0.745935;-1.920205
49.700;-0.734582;-1.879258
49.710;-0.724160;-1.841713
49.720;-0.715351;-1.807606
49.730;-0.708599;-1.776641
49.740;-0.704126;-1.748314
49.750;-0.702047;-1.722020
49.760;-0.702509;-1.697122
49.770;-0.705801;-1.673012
49.780;-0.712353;-1.649135
49.790;-0.722653;-1.624992
49.800;-0.737102;-1.600154
49.810;-0.755876;-1.574313
49.820;-0.778853;-1.547333
49.830;-0.805641;-1.519261
49.840;-0.835691;-1.490328
49.850;-0.868409;-1.460958
49.860;-0.903229;-1.431817
49.870;-0.939621;-1.403833
49.880;-0.977058;-1.378128
49.890;-1.014986;-1.355855
49.900;-1.052835;-1.337974
49.910;-1.090095;-1.325056
49.920;-1.126418;-1.317132
49.930;-1.161678;-1.313629
49.940;-1.195950;-1.313388
49.950;-1.229389;-1.314848
49.960;-1.262088;-1.316398
49.970;-1.293960;-1.316816
49.980;-1.324711;-1.315626
49.990;-1.353879;-1.313206
50.000;-1.380933;-1.310614
50.010;-1.405388;-1.309215
50.020;-1.426907;-1.310253
50.030;-1.445366;-1.314502
50.040;-1.460865;-1.322109
50.050;-1.473694;-1.332650
50.060;-1.484275;-1.345339
50.070;-1.493075;-1.359292
50.080;-1.500541;-1.373723
50.090;-1.507068;-1.388031
50.100;-1.513007;-1.401768
50.110;-1.518674;-1.414565
50.120;-1.524303;-1.426096
50.130;-1.529960;-1.436124
50.140;-1.535455;-1.444583
50.150;-1.540324;-1.451608
50.160;-1.543898;-1.457470
50.170;-1.545408;-1.462420
50.180;-1.544091;-1.466598
50.190;-1.539259;-1.470067
50.200;-1.530353;-1.473007
50.210;-1.517003;-1.475899
50.220;-1.499075;-1.479550
50.230;-1.476687;-1.484872
50.240;-1.450149;-1.492498
50.250;-1.419840;-1.502435
50.260;-1.386061;-1.513958
50.270;-1.348945;-1.525782
50.280;-1.308474;-1.536414
50.290;-1.264642;-1.544514
50.300;-1.217659;-1.549117
50.310;-1.168114;-1.549720
50.320;-1.116963;-1.546268
50.330;-1.065356;-1.539095
50.340;-1.014381;-1.528861
50.350;-0.964815;-1.516504
50.360;-0.916969;-1.503157
50.370;-0.870658;-1.490025
50.380;-0.825303;-1.478209
50.390;-0.780132;-1.468522
50.400;-0.734408;-1.461346
50.410;-0.687605;-1.456581
50.420;-0.639468;-1.453696
50.430;-0.589952;-1.451872
50.440;-0.539093;-1.450183
50.450;-0.486891;-1.447734
50.460;-0.433263;-1.443767
50.470;-0.378086;-1.437747
50.480;-0.321305;-1.429454
50.490;-0.263071;-1.419074
50.500;-0.203864;-1.407238
50.510;-0.144563;-1.394987
50.520;-0.086397;-1.383637
50.530;-0.030793;-1.374577
50.540;0.020854;-1.369026
50.550;0.067408;-1.367810
50.560;0.108172;-1.371209
50.570;0.142972;-1.378893
50.580;0.172158;-1.389918
50.590;0.196488;-1.402798
50.600;0.216953;-1.415671
50.610;0.234553;-1.426611
50.620;0.250093;-1.434035
50.630;0.264033;-1.437069
50.640;0.276429;-1.435694
50.650;0.286980;-1.430594
50.660;0.295165;-1.422801
50.670;0.300418;-1.413323
50.680;0.302264;-1.402936
50.690;0.300385;-1.392185
50.700;0.294616;-1.381509
50.710;0.284942;-1.371342
50.720;0.271528;-1.362125
50.730;0.254739;-1.354168
50.740;0.235110;-1.347443
50.750;0.213255;-1.341431
50.760;0.189722;-1.335119
50.770;0.164855;-1.327213
50.780;0.138706;-1.316461
50.790;0.111064;-1.301957
50.800;0.081578;-1.283294
50.810;0.049949;-1.260542
50.820;0.016100;-1.234093
50.830;-0.019714;-1.204503
50.840;-0.056878;-1.172407
50.850;-0.094468;-1.138532
50.860;-0.131374;-1.103737
50.870;-0.166495;-1.069003
50.880;-0.198953;-1.035338
50.890;-0.228289;-1.003611
50.900;-0.254566;-0.974379
50.910;-0.278337;-0.947787
50.920;-0.300469;-0.923580
50.930;-0.321885;-0.901220
50.940;-0.343313;-0.880050
50.950;-0.365130;-0.859437
50.960;-0.387342;-0.838895
50.970;-0.409664;-0.818184
50.980;-0.431653;-0.797371
50.990;-0.452807;-0.776790
51.000;-0.472628;-0.756914
51.010;-0.490654;-0.738160
51.020;-0.506483;-0.720747
51.030;-0.519795;-0.704667
51.040;-0.530407;-0.689759
51.050;-0.538327;-0.675817
51.060;-0.543784;-0.662648
51.070;-0.547161;-0.650092
51.080;-0.548831;-0.638013
51.090;-0.548964;-0.626280
51.100;-0.547416;-0.614733
51.110;-0.543765;-0.603125
51.120;-0.537484;-0.591111
51.130;-0.528143;-0.578282
51.140;-0.515606;-0.564272
51.150;-0.500126;-0.548867
51.160;-0.482351;-0.532094
51.170;-0.463205;-0.514231
51.180;-0.443672;-0.495785
51.190;-0.424550;-0.477414
51.200;-0.406270;-0.459818
51.210;-0.388860;-0.443568
51.220;-0.372057;-0.428942
51.230;-0.355504;-0.415859
51.240;-0.338937;-0.403948
51.250;-0.322291;-0.392753
51.260;-0.305693;-0.381974
51.270;-0.289385;-0.371614
51.280;-0.273648;-0.361988
51.290;-0.258731;-0.353568
51.300;-0.244813;-0.346763
51.310;-0.231955;-0.341736
51.320;-0.220047;-0.338313
51.330;-0.208749;-0.336037
51.340;-0.197447;-0.334312
51.350;-0.185307;-0.332586
51.360;-0.171457;-0.330467
51.370;-0.155267;-0.327771
51.380;-0.136614;-0.324479
51.390;-0.116022;-0.320665
51.400;-0.094600;-0.316441
51.410;-0.073816;-0.311957
51.420;-0.055166;-0.307431
51.430;-0.039850;-0.303180
51.440;-0.028561;-0.299576
51.450;-0.021421;-0.296968
51.460;-0.018070;-0.295573
51.470;-0.017836;-0.295409
51.480;-0.019912;-0.296284
51.490;-0.023513;-0.297871
51.500;-0.027989;-0.299838
51.510;-0.032907;-0.302004
51.520;-0.038097;-0.304434
51.530;-0.043641;-0.307430
51.540;-0.049816;-0.311438
51.550;-0.057006;-0.316918
51.560;-0.065642;-0.324246
51.570;-0.076179;-0.333671
51.580;-0.089070;-0.345300
51.590;-0.104699;-0.359064
51.600;-0.123252;-0.374648
51.610;-0.144580;-0.391417
51.620;-0.168120;-0.408385
51.630;-0.192938;-0.424308
51.640;-0.217898;-0.437916
51.650;-0.241907;-0.448249
51.660;-0.264171;-0.454994
51.670;-0.284376;-0.458660
51.680;-0.302757;-0.460504
51.690;-0.320029;-0.462188
51.700;-0.337212;-0.465318
51.710;-0.355392;-0.471020
51.720;-0.375481;-0.479710
51.730;-0.398017;-0.491077
51.740;-0.423065;-0.504238
51.750;-0.450213;-0.518002
51.760;-0.478705;-0.531179
51.770;-0.507651;-0.542871
51.780;-0.536243;-0.552640
51.790;-0.563903;-0.560480
51.800;-0.590326;-0.566664
51.810;-0.615442;-0.571573
51.820;-0.639347;-0.575559
51.830;-0.662220;-0.578863
51.840;-0.684258;-0.581563
51.850;-0.705628;-0.583575
51.860;-0.726435;-0.584707
51.870;-0.746701;-0.584768
51.880;-0.766355;-0.583703
51.890;-0.785258;-0.581705
51.900;-0.803257;-0.579249
51.910;-0.820232;-0.577026
51.920;-0.836085;-0.575794
51.930;-0.850686;-0.576204
51.940;-0.863791;-0.578672
51.950;-0.875015;-0.583310
51.960;-0.883887;-0.589922
51.970;-0.889967;-0.598074
51.980;-0.892972;-0.607213
51.990;-0.892853;-0.616807
52.000;-0.889784;-0.626439
52.010;-0.884048;-0.635823
52.020;-0.875852;-0.644774
52.030;-0.865166;-0.653196
52.040;-0.851663;-0.661098
52.050;-0.834828;-0.668611
52.060;-0.814176;-0.675942
52.070;-0.789525;-0.683292
52.080;-0.761199;-0.690764
52.090;-0.730060;-0.698336
52.100;-0.697337;-0.705919
52.110;-0.664347;-0.713473
52.120;-0.632215;-0.721115
52.130;-0.601750;-0.729137
52.140;-0.573466;-0.737895
52.150;-0.547706;-0.747631
52.160;-0.524733;-0.758310
52.170;-0.504778;-0.769575
52.180;-0.488025;-0.780832
52.190;-0.474636;-0.791416
52.200;-0.464796;-0.800736
52.210;-0.458771;-0.808386
52.220;-0.456897;-0.814193
52.230;-0.459461;-0.818252
52.240;-0.466533;-0.820940
52.250;-0.477843;-0.822889
52.260;-0.492759;-0.824887
52.270;-0.510371;-0.827686
52.280;-0.529640;-0.831781
52.290;-0.549541;-0.837241
52.300;-0.569208;-0.843688
52.310;-0.588050;-0.850429
52.320;-0.605829;-0.856695
52.330;-0.622693;-0.861860
52.340;-0.639136;-0.865578
52.350;-0.655867;-0.867783
52.360;-0.673576;-0.868608
52.370;-0.692663;-0.868270
52.380;-0.713020;-0.866981
52.390;-0.734006;-0.864911
52.400;-0.754614;-0.862175
52.410;-0.773747;-0.858871
52.420;-0.790475;-0.855122
52.430;-0.804181;-0.851099
52.440;-0.814592;-0.846979
52.450;-0.821740;-0.842848
52.460;-0.825912;-0.838637
52.470;-0.827579;-0.834134
52.480;-0.827284;-0.829109
52.490;-0.825482;-0.823446
52.500;-0.822404;-0.817201
52.510;-0.818038;-0.810515
52.520;-0.812253;-0.803474
52.530;-0.804987;-0.795987
52.540;-0.796357;-0.787792
52.550;-0.786623;-0.778541
52.560;-0.776026;-0.767925
52.570;-0.764618;-0.755770
52.580;-0.752209;-0.742088
52.590;-0.738472;-0.727065
52.600;-0.723125;-0.711008
52.610;-0.706083;-0.694244
52.620;-0.687488;-0.677003
52.630;-0.667619;-0.659350
52.640;-0.646762;-0.641190
52.650;-0.625130;-0.622363
52.660;-0.602860;-0.602767
52.670;-0.580075;-0.582437
52.680;-0.556949;-0.561531
52.690;-0.533744;-0.540259
52.700;-0.510775;-0.518783
52.710;-0.488300;-0.497160
52.720;-0.466378;-0.475323
52.730;-0.444745;-0.453093
52.740;-0.422779;-0.430232
52.750;-0.399584;-0.406509
52.760;-0.374169;-0.381783
52.770;-0.345667;-0.356066
52.780;-0.313530;-0.329524
52.790;-0.277637;-0.302400
52.800;-0.238315;-0.274894
52.810;-0.196278;-0.247071
52.820;-0.152515;-0.218874
52.830;-0.108139;-0.190220
52.840;-0.064207;-0.161117
52.850;-0.021563;-0.131703
52.860;0.019294;-0.102215
52.870;0.058268;-0.072919
52.880;0.095622;-0.044057
52.890;0.131811;-0.015827
52.900;0.167233;0.011634
52.910;0.202021;0.038283
52.920;0.235971;0.064217
52.930;0.268670;0.089701
52.940;0.299732;0.115098
52.950;0.329020;0.140662
52.960;0.356753;0.166251
52.970;0.383447;0.191124
52.980;0.409744;0.213956
52.990;0.436191;0.233117
53.000;0.463083;0.247116
53.010;0.490397;0.255023
53.020;0.517835;0.256692
53.030;0.544924;0.252701
53.040;0.571140;0.244078
53.050;0.596009;0.231939
53.060;0.619157;0.217192
53.070;0.640325;0.200351
53.080;0.659365;0.181470
53.090;0.676201;0.160198
53.100;0.690771;0.135935
53.110;0.702962;0.108052
53.120;0.712591;0.076109
53.130;0.719438;0.039991
53.140;0.723349;-0.000085
53.150;0.724348;-0.043695
53.160;0.722711;-0.090376
53.170;0.718970;-0.139781
53.180;0.713864;-0.191728
53.190;0.708282;-0.246145
53.200;0.703231;-0.302927
53.210;0.699792;-0.361801
53.220;0.699047;-0.422272
53.230;0.701954;-0.483707
53.240;0.709208;-0.545534
53.250;0.721137;-0.607436
53.260;0.737652;-0.669452
53.270;0.758280;-0.731925
53.280;0.782256;-0.795334
53.290;0.808673;-0.860087
53.300;0.836641;-0.926362
53.310;0.865408;-0.994081
53.320;0.894412;-1.063010
53.330;0.923268;-1.132919
53.340;0.951699;-1.203699
53.350;0.979446;-1.275343
53.360;1.006163;-1.347799
53.370;1.031352;-1.420772
53.380;1.054385;-1.493626
53.390;1.074619;-1.565496
53.400;1.091574;-1.635532
53.410;1.105077;-1.703148
53.420;1.115352;-1.768145
53.430;1.123034;-1.830694
53.440;1.129136;-1.891220
53.450;1.134933;-1.950258
53.460;1.141792;-2.008294
53.470;1.150979;-2.065633
53.480;1.163523;-2.122341
53.490;1.180144;-2.178312
53.500;1.201232;-2.233408
53.510;1.226834;-2.287593
53.520;1.256668;-2.340941
53.530;1.290174;-2.393501
53.540;1.326644;-2.445096
53.550;1.365358;-2.495184
53.560;1.405677;-2.542886
53.570;1.447027;-2.587214
53.580;1.488777;-2.627405
53.590;1.530112;-2.663188
53.600;1.569994;-2.694832
53.610;1.607292;-2.722936
53.620;1.641026;-2.748091
53.630;1.670572;-2.770557
53.640;1.695761;-2.790128
53.650;1.716832;-2.806229
53.660;1.734317;-2.818223
53.670;1.748888;-2.825764
53.680;1.761213;-2.829035
53.690;1.771846;-2.828729
53.700;1.781129;-2.825774
53.710;1.789141;-2.820932
53.720;1.795704;-2.814487
53.730;1.800464;-2.806178
53.740;1.803031;-2.795369
53.750;1.803127;-2.781347
53.760;1.800684;-2.763580
53.770;1.795884;-2.741849
53.780;1.789095;-2.716241
53.790;1.780733;-2.687059
53.800;1.771097;-2.654705
53.810;1.760233;-2.619582
53.820;1.747904;-2.582072
53.830;1.733677;-2.542574
53.840;1.717090;-2.501582
53.850;1.697828;-2.459738
53.860;1.675832;-2.417789
53.870;1.651312;-2.376470
53.880;1.624689;-2.336349
53.890;1.596507;-2.297703
53.900;1.567367;-2.260483
53.910;1.537871;-2.224387
53.920;1.508573;-2.189010
53.930;1.479947;-2.154013
53.940;1.452359;-2.119207
53.950;1.426039;-2.084526
53.960;1.401019;-2.049940
53.970;1.377098;-2.015369
53.980;1.353847;-1.980646
53.990;1.330688;-1.945493
54.000;1.307065;-1.909524
54.010;1.282651;-1.872303
54.020;1.257537;-1.833487
54.030;1.232303;-1.793022
54.040;1.207925;-1.751310
54.050;1.185533;-1.709268
54.060;1.166138;-1.668240
54.070;1.150416;-1.629794
54.080;1.138624;-1.595436
54.090;1.130613;-1.566325
54.100;1.125941;-1.543038
54.110;1.124016;-1.525436
54.120;1.124236;-1.512663
54.130;1.126132;-1.503282
54.140;1.129475;-1.495509
54.150;1.134334;-1.487487
54.160;1.141057;-1.477583
54.170;1.150137;-1.464652
54.180;1.162024;-1.448211
54.190;1.176934;-1.428447
54.200;1.194756;-1.406027
54.210;1.215108;-1.381806
54.220;1.237497;-1.356561
54.230;1.261484;-1.330842
54.240;1.286768;-1.304975
54.250;1.313160;-1.279136
54.260;1.340459;-1.253453
54.270;1.368323;-1.228075
54.280;1.396193;-1.203193
54.290;1.423334;-1.179015
54.300;1.448947;-1.155686
54.310;1.472302;-1.133206
54.320;1.492821;-1.111392
54.330;1.510119;-1.089921
54.340;1.524023;-1.068475
54.350;1.534614;-1.046905
54.360;1.542264;-1.025329
54.370;1.547638;-1.004054
54.380;1.551644;-0.983328
54.390;1.555325;-0.963042
54.400;1.559710;-0.942579
54.410;1.565672;-0.920928
54.420;1.573800;-0.897042
54.430;1.584340;-0.870258
54.440;1.597209;-0.840593
54.450;1.612074;-0.808796
54.460;1.628473;-0.776139
54.470;1.645911;-0.744067
54.480;1.663901;-0.713854
54.490;1.681968;-0.686385
54.500;1.699636;-0.662113
54.510;1.716432;-0.641147
54.520;1.731884;-0.623381
54.530;1.745523;-0.608609
54.540;1.756872;-0.596544
54.550;1.765445;-0.586796
54.560;1.770761;-0.578836
54.570;1.772389;-0.572030
54.580;1.769998;-0.565756
54.590;1.763427;-0.559575
54.600;1.752737;-0.553384
54.610;1.738233;-0.547472
54.620;1.720424;-0.542441
54.630;1.699948;-0.538983
54.640;1.677473;-0.537588
54.650;1.653605;-0.538300
54.660;1.628795;-0.540674
54.670;1.603275;-0.543938
54.680;1.577008;-0.547310
54.690;1.549719;-0.550274
54.700;1.521008;-0.552682
54.710;1.490522;-0.554690
54.720;1.458130;-0.556575
54.730;1.424017;-0.558566
54.740;1.388632;-0.560730
54.750;1.352526;-0.562957
54.760;1.316131;-0.565030
54.770;1.279580;-0.566710
54.780;1.242639;-0.567800
54.790;1.204788;-0.568184
54.800;1.165447;-0.567850
54.810;1.124222;-0.566909
54.820;1.081066;-0.565580
54.830;1.036274;-0.564119
54.840;0.990390;-0.562735
54.850;0.944094;-0.561531
54.860;0.898171;-0.560533
54.870;0.853540;-0.559745
54.880;0.811297;-0.559180
54.890;0.772698;-0.558797
54.900;0.739066;-0.558381
54.910;0.711618;-0.557472
54.920;0.691267;-0.555444
54.930;0.678447;-0.551684
54.940;0.673009;-0.545792
54.950;0.674224;-0.537694
54.960;0.680907;-0.527669
54.970;0.691633;-0.516315
54.980;0.704970;-0.504476
54.990;0.719639;-0.493099
55.000;0.734577;-0.483031
55.010;0.748942;-0.474834
55.020;0.762120;-0.468716
55.030;0.773769;-0.464592
55.040;0.783858;-0.462242
55.050;0.792675;-0.461458
55.060;0.800749;-0.462130
55.070;0.808705;-0.464230
55.080;0.817075;-0.467714
55.090;0.826121;-0.472378
55.100;0.835722;-0.477741
55.110;0.845382;-0.483000
55.120;0.854380;-0.487125
55.130;0.862044;-0.489095
55.140;0.868059;-0.488239
55.150;0.872679;-0.484509
55.160;0.876736;-0.478533
55.170;0.881436;-0.471389
55.180;0.888027;-0.464197
55.190;0.897471;-0.457768
55.200;0.910232;-0.452429
55.210;0.926238;-0.448105
55.220;0.944982;-0.444564
55.230;0.965705;-0.441693
55.240;0.987556;-0.439666
55.250;1.009689;-0.438913
55.260;1.031288;-0.439917
55.270;1.051588;-0.442951
55.280;1.069917;-0.447913
55.290;1.085783;-0.454349
55.300;1.098945;-0.461667
55.310;1.109460;-0.469384
55.320;1.117645;-0.477259
55.330;1.123950;-0.485211
55.340;1.128808;-0.493136
55.350;1.132520;-0.500779
55.360;1.135235;-0.507763
55.370;1.137007;-0.513725
55.380;1.137846;-0.518431
55.390;1.137712;-0.521802
55.400;1.136448;-0.523853
55.410;1.133739;-0.524619
55.420;1.129124;-0.524158
55.430;1.122091;-0.522628
55.440;1.112211;-0.520399
55.450;1.099247;-0.518101
55.460;1.083221;-0.516568
55.470;1.064401;-0.516643
55.480;1.043204;-0.518894
55.490;1.020068;-0.523363
55.500;0.995318;-0.529464
55.510;0.969098;-0.536115
55.520;0.941360;-0.542047
55.530;0.911909;-0.546143
55.540;0.880479;-0.547702
55.550;0.846835;-0.546565
55.560;0.810875;-0.543112
55.570;0.772692;-0.538145
55.580;0.732585;-0.532672
55.590;0.691026;-0.527695
55.600;0.648617;-0.524063
55.610;0.606048;-0.522438
55.620;0.564065;-0.523323
55.630;0.523442;-0.527070
55.640;0.484960;-0.533843
55.650;0.449401;-0.543562
55.660;0.417538;-0.555907
55.670;0.390146;-0.570370
55.680;0.367982;-0.586344
55.690;0.351724;-0.603189
55.700;0.341853;-0.620259
55.710;0.338496;-0.636896
55.720;0.341313;-0.652429
55.730;0.349485;-0.666203
55.740;0.361852;-0.677653
55.750;0.377126;-0.686401
55.760;0.394116;-0.692347
55.770;0.411888;-0.695693
55.780;0.429855;-0.696895
55.790;0.447762;-0.696541
55.800;0.465600;-0.695228
55.810;0.483460;-0.693471
55.820;0.501361;-0.691657
55.830;0.519093;-0.690025
55.840;0.536145;-0.688663
55.850;0.551762;-0.687541
55.860;0.565167;-0.686622
55.870;0.575839;-0.686000
55.880;0.583735;-0.685988
55.890;0.589324;-0.687076
55.900;0.593424;-0.689759
55.910;0.596910;-0.694330
55.920;0.600430;-0.700738
55.930;0.604245;-0.708575
55.940;0.608265;-0.717179
55.950;0.612258;-0.725790
55.960;0.616111;-0.733699
55.970;0.620031;-0.740355
55.980;0.624587;-0.745421
55.990;0.630610;-0.748789
56.000;0.639041;-0.750555
56.010;0.650777;-0.750952
56.020;0.666574;-0.750241
56.030;0.686986;-0.748597
56.040;0.712308;-0.746019
56.050;0.742520;-0.742347
56.060;0.777225;-0.737393
56.070;0.815650;-0.731115
56.080;0.856726;-0.723702
56.090;0.899293;-0.715511
56.100;0.942360;-0.706906
56.110;0.985323;-0.698112
56.120;1.028038;-0.689142
56.130;1.070727;-0.679812
56.140;1.113782;-0.669794
56.150;1.157535;-0.658721
56.160;1.202094;-0.646335
56.170;1.247294;-0.632667
56.180;1.292735;-0.618167
56.190;1.337911;-0.603697
56.200;1.382348;-0.590350
56.210;1.425718;-0.579153
56.220;1.467878;-0.570783
56.230;1.508820;-0.565390
56.240;1.548563;-0.562567
56.250;1.587032;-0.561457
56.260;1.623989;-0.560955
56.270;1.659028;-0.559968
56.280;1.691641;-0.557669
56.290;1.721310;-0.553671
56.300;1.747584;-0.548054
56.310;1.770125;-0.541231
56.320;1.788723;-0.533693
56.330;1.803327;-0.525783
56.340;1.814102;-0.517620
56.350;1.821463;-0.509181
56.360;1.826079;-0.500449
56.370;1.828773;-0.491532
56.380;1.830377;-0.482710
56.390;1.831583;-0.474381
56.400;1.832865;-0.466956
56.410;1.834501;-0.460718
56.420;1.836665;-0.455721
56.430;1.839547;-0.451779
56.440;1.843432;-0.448548
56.450;1.848686;-0.445618
56.460;1.855660;-0.442587
56.470;1.864540;-0.439103
56.480;1.875230;-0.434905
56.490;1.887278;-0.429873
56.500;1.899896;-0.424071
56.510;1.912073;-0.417740
56.520;1.922764;-0.411242
56.530;1.931117;-0.404973
56.540;1.936639;-0.399259
56.550;1.939240;-0.394267
56.560;1.939161;-0.389947
56.570;1.936821;-0.386055
56.580;1.932678;-0.382268
56.590;1.927151;-0.378396
56.600;1.920609;-0.374552
56.610;1.913377;-0.371202
56.620;1.905733;-0.369032
56.630;1.897881;-0.368690
56.640;1.889937;-0.370528
56.650;1.881943;-0.374473
56.660;1.873929;-0.380105
56.670;1.865971;-0.386845
56.680;1.858199;-0.394130
56.690;1.850744;-0.401466
56.700;1.843638;-0.408405
56.710;1.836738;-0.414567
56.720;1.829707;-0.419747
56.730;1.822066;-0.424052
56.740;1.813306;-0.427949
56.750;1.803023;-0.432147
56.760;1.791034;-0.437370
56.770;1.777407;-0.444103
56.780;1.762372;-0.452426
56.790;1.746116;-0.461993
56.800;1.728564;-0.472163
56.810;1.709290;-0.482251
56.820;1.687634;-0.491761
56.830;1.663010;-0.500499
56.840;1.635276;-0.508508
56.850;1.604980;-0.515904
56.860;1.573386;-0.522710
56.870;1.542252;-0.528795
56.880;1.513444;-0.533912
56.890;1.488547;-0.537805
56.900;1.468600;-0.540335
56.910;1.454054;-0.541556
56.920;1.444896;-0.541747
56.930;1.440849;-0.541358
56.940;1.441538;-0.540911
56.950;1.446587;-0.540821
56.960;1.455640;-0.541196
56.970;1.468358;-0.541692
56.980;1.484393;-0.541567
56.990;1.503378;-0.539943
57.000;1.524903;-0.536193
57.010;1.548494;-0.530222
57.020;1.573611;-0.522493
57.030;1.599686;-0.513793
57.040;1.626226;-0.504885
57.050;1.652941;-0.496198
57.060;1.679842;-0.487671
57.070;1.707202;-0.478794
57.080;1.735403;-0.468850
57.090;1.764747;-0.457238
57.100;1.795356;-0.443725
57.110;1.827191;-0.428518
57.120;1.860131;-0.412162
57.130;1.894036;-0.395358
57.140;1.928740;-0.378780
57.150;1.963984;-0.362922
57.160;1.999347;-0.348011
57.170;2.034227;-0.333981
57.180;2.067934;-0.320544
57.190;2.099842;-0.307356
57.200;2.129550;-0.294224
57.210;2.156968;-0.281276
57.220;2.182293;-0.268976
57.230;2.205886;-0.257975
57.240;2.228113;-0.248855
57.250;2.249246;-0.241925
57.260;2.269444;-0.237141
57.270;2.288816;-0.234185
57.280;2.307494;-0.232622
57.290;2.325679;-0.232067
57.300;2.343617;-0.232292
57.310;2.361498;-0.233243
57.320;2.379321;-0.234973
57.330;2.396775;-0.237521
57.340;2.413224;-0.240821
57.350;2.427806;-0.244685
57.360;2.439631;-0.248893
57.370;2.448022;-0.253334
57.380;2.452701;-0.258105
57.390;2.453875;-0.263489
57.400;2.452172;-0.269832
57.410;2.448461;-0.277389
57.420;2.443624;-0.286212
57.430;2.438371;-0.296105
57.440;2.433143;-0.306628
57.450;2.428123;-0.317156
57.460;2.423338;-0.326979
57.470;2.418809;-0.335460
57.480;2.414706;-0.342189
57.490;2.411462;-0.347078
57.500;2.409774;-0.350345
57.510;2.410449;-0.352412
57.520;2.414156;-0.353785
57.530;2.421174;-0.354960
57.540;2.431271;-0.356362
57.550;2.443750;-0.358314
57.560;2.457644;-0.361016
57.570;2.471984;-0.364538
57.580;2.486064;-0.368812
57.590;2.499588;-0.373655
57.600;2.512685;-0.378843
57.610;2.525749;-0.384214
57.620;2.539163;-0.389772
57.630;2.553024;-0.395696
57.640;2.567002;-0.402256
57.650;2.580404;-0.409659
57.660;2.592418;-0.417908
57.670;2.602428;-0.426760
57.680;2.610280;-0.435790
57.690;2.616391;-0.444528
57.700;2.621671;-0.452593
57.710;2.627292;-0.459777
57.720;2.634376;-0.466112
57.730;2.643719;-0.471900
57.740;2.655648;-0.477695
57.750;2.670041;-0.484179
57.760;2.686466;-0.491972
57.770;2.704383;-0.501433
57.780;2.723329;-0.512552
57.790;2.743042;-0.524980
57.800;2.763476;-0.538185
57.810;2.784689;-0.551654
57.820;2.806641;-0.565045
57.830;2.828987;-0.578219
57.840;2.850964;-0.591185
57.850;2.871464;-0.604045
57.860;2.889252;-0.616974
57.870;2.903287;-0.630208
57.880;2.913019;-0.643984
57.890;2.918587;-0.658449
57.900;2.920828;-0.673591
57.910;2.921101;-0.689277
57.920;2.920957;-0.705345
57.930;2.921789;-0.721694
57.940;2.924566;-0.738275
57.950;2.929724;-0.755018
57.960;2.937211;-0.771753
57.970;2.946642;-0.788204
57.980;2.957489;-0.804068
57.990;2.969259;-0.819135
58.000;2.981605;-0.833395
58.010;2.994374;-0.847086
58.020;3.007594;-0.860649
58.030;3.021439;-0.874583
58.040;3.036179;-0.889238
58.050;3.052131;-0.904643
58.060;3.069609;-0.920460
58.070;3.088847;-0.936119
58.080;3.109934;-0.951064
58.090;3.132774;-0.964983
58.100;3.157091;-0.977891
58.110;3.182462;-0.990018
58.120;3.208344;-1.001574
58.130;3.234107;-1.012541
58.140;3.259059;-1.022574
58.150;3.282505;-1.031092
58.160;3.303840;-1.037497
58.170;3.322671;-1.041461
58.180;3.338907;-1.043100
58.190;3.352757;-1.042962
58.200;3.364628;-1.041836
58.210;3.374966;-1.040479
58.220;3.384135;-1.039388
58.230;3.392391;-1.038684
58.240;3.399928;-1.038167
58.250;3.406954;-1.037487
58.260;3.413709;-1.036355
58.270;3.420400;-1.034669
58.280;3.427080;-1.032483
58.290;3.433549;-1.029834
58.300;3.439325;-1.026574
58.310;3.443717;-1.022314
58.320;3.445981;-1.016571
58.330;3.445496;-1.008995
58.340;3.441912;-0.999561
58.350;3.435248;-0.988579
58.360;3.425940;-0.976546
58.370;3.414854;-0.963959
58.380;3.403203;-0.951168
58.390;3.392334;-0.938331
58.400;3.383398;-0.925414
58.410;3.377070;-0.912244
58.420;3.373443;-0.898588
58.430;3.372144;-0.884227
58.440;3.372609;-0.869028
58.450;3.374390;-0.852981
58.460;3.377371;-0.836194
58.470;3.381804;-0.818814
58.480;3.388135;-0.800910
58.490;3.396728;-0.782405
58.500;3.407622;-0.763111
58.510;3.420451;-0.742902
58.520;3.434546;-0.721927
58.530;3.449148;-0.700733
58.540;3.463614;-0.680216
58.550;3.477541;-0.661369
58.560;3.490784;-0.644928
58.570;3.503396;-0.631110
58.580;3.515538;-0.619565
58.590;3.527409;-0.609577
58.600;3.539184;-0.600393
58.610;3.550957;-0.591501
58.620;3.562700;-0.582731
58.630;3.574218;-0.574165
58.640;3.585130;-0.565934
58.650;3.594891;-0.558021
58.660;3.602867;-0.550166
58.670;3.608457;-0.541873
58.680;3.611219;-0.532547
58.690;3.610931;-0.521716
58.700;3.607580;-0.509239
58.710;3.601279;-0.495406
58.720;3.592139;-0.480865
58.730;3.580140;-0.466410
58.740;3.565074;-0.452703
58.750;3.546580;-0.440065
58.760;3.524297;-0.428422
58.770;3.498070;-0.417434
58.780;3.468101;-0.406709
58.790;3.434962;-0.395997
58.800;3.399414;-0.385268
58.810;3.362116;-0.374672
58.820;3.323349;-0.364442
58.830;3.282863;-0.354817
58.840;3.239883;-0.346005
58.850;3.193279;-0.338217
58.860;3.141827;-0.331690
58.870;3.084540;-0.326698
58.880;3.020999;-0.323487
58.890;2.951605;-0.322201
58.900;2.877678;-0.322814
58.910;2.801358;-0.325161
58.920;2.725352;-0.329050
58.930;2.652551;-0.334412
58.940;2.585610;-0.341358
58.950;2.526560;-0.350110
58.960;2.476567;-0.360832
58.970;2.435890;-0.373450
58.980;2.404034;-0.387521
58.990;2.379990;-0.402194
59.000;2.362502;-0.416292
59.010;2.350279;-0.428530
59.020;2.342146;-0.437831
59.030;2.337110;-0.443618
59.040;2.334327;-0.445955
59.050;2.332999;-0.445522
59.060;2.332254;-0.443429
59.070;2.331063;-0.440970
59.080;2.328261;-0.439348
59.090;2.322646;-0.439477
59.100;2.313145;-0.441871
59.110;2.298993;-0.446670
59.120;2.279887;-0.453723
59.130;2.256029;-0.462685
59.140;2.228060;-0.473067
59.150;2.196884;-0.484281
59.160;2.163468;-0.495683
59.170;2.128695;-0.506650
59.180;2.093309;-0.516655
59.190;2.057958;-0.525336
59.200;2.023251;-0.532555
59.210;1.989777;-0.538426
59.220;1.958033;-0.543269
59.230;1.928319;-0.547492
59.240;1.900657;-0.551443
59.250;1.874794;-0.555317
59.260;1.850291;-0.559133
59.270;1.826639;-0.562773
59.280;1.803366;-0.566047
59.290;1.780122;-0.568790
59.300;1.756729;-0.570955
59.310;1.733217;-0.572698
59.320;1.709828;-0.574395
59.330;1.686957;-0.576571
59.340;1.665034;-0.579758
59.350;1.644387;-0.584325
59.360;1.625185;-0.590358
59.370;1.607492;-0.597605
59.380;1.591413;-0.605495
59.390;1.577212;-0.613243
59.400;1.565329;-0.620007
59.410;1.556248;-0.625070
59.420;1.550284;-0.628004
59.430;1.547381;-0.628781
59.440;1.547016;-0.627803
59.450;1.548254;-0.625803
59.460;1.549943;-0.623639
59.470;1.550986;-0.622002
59.480;1.550605;-0.621173
59.490;1.548499;-0.620891
59.500;1.544848;-0.620433
59.510;1.540159;-0.618843
59.520;1.535049;-0.615279
59.530;1.530053;-0.609314
59.540;1.525515;-0.601079
59.550;1.521595;-0.591196
59.560;1.518339;-0.580529
59.570;1.515788;-0.569878
59.580;1.514081;-0.559730
59.590;1.513567;-0.550132
59.600;1.514878;-0.540685
59.610;1.518888;-0.530672
59.620;1.526511;-0.519255
59.630;1.538380;-0.505710
59.640;1.554562;-0.489607
59.650;1.574456;-0.470906
59.660;1.596932;-0.449958
59.670;1.620637;-0.427418
59.680;1.644345;-0.404074
59.690;1.667200;-0.380635
59.700;1.688777;-0.357541
59.710;1.708982;-0.334878
59.720;1.727870;-0.312413
59.730;1.745525;-0.289717
59.740;1.762036;-0.266297
59.750;1.777563;-0.241724
59.760;1.792410;-0.215742
59.770;1.807012;-0.188308
59.780;1.821863;-0.159565
59.790;1.837389;-0.129742
59.800;1.853820;-0.099031
59.810;1.871126;-0.067530
59.820;1.889036;-0.035247
59.830;1.907101;-0.002193
59.840;1.924744;0.031489
59.850;1.941309;0.065405
59.860;1.956136;0.098841
59.870;1.968734;0.130817
59.880;1.978997;0.160236
59.890;1.987385;0.186131
59.900;1.994913;0.207915
59.910;2.002900;0.225573
59.920;2.012479;0.239738
59.930;2.023988;0.251616
59.940;2.036463;0.262798
59.950;2.047504;0.274991
59.960;2.053727;0.289713
59.970;2.051834;0.307997
59.980;2.039995;0.330108
59.990;2.018969;0.355375
60.000;1.992336;0.382257
