Time[s];COPx[cm];COPy[cm]
0.010;1.294648;0.515135
0.020;1.329691;0.527972
0.030;1.366412;0.539522
0.040;1.405830;0.548797
0.050;1.447884;0.555182
0.060;1.491475;0.558399
0.070;1.534895;0.558364
0.080;1.576430;0.555022
0.090;1.614882;0.548287
0.100;1.649825;0.538073
0.110;1.681533;0.524417
0.120;1.710665;0.507576
0.130;1.737851;0.488041
0.140;1.763335;0.466449
0.150;1.786803;0.443446
0.160;1.807406;0.419563
0.170;1.823950;0.395162
0.180;1.835167;0.370430
0.190;1.840026;0.345371
0.200;1.837998;0.319761
0.210;1.829200;0.293106
0.220;1.814331;0.264630
0.230;1.794385;0.233311
0.240;1.770225;0.197937
0.250;1.742156;0.157138
0.260;1.709674;0.109455
0.270;1.671494;0.053524
0.280;1.625900;-0.011571
0.290;1.571338;-0.085764
0.300;1.507158;-0.167489
0.310;1.434306;-0.253385
0.320;1.355748;-0.338484
0.330;1.276372;-0.416995
0.340;1.202215;-0.483570
0.350;1.139093;-0.534685
0.360;1.091058;-0.569602
0.370;1.059284;-0.590477
0.380;1.041907;-0.601568
0.390;1.034875;-0.607856
0.400;1.033439;-0.613605
0.410;1.033638;-0.621338
0.420;1.033241;-0.631441
0.430;1.031919;-0.642456
0.440;1.030759;-0.651863
0.450;1.031427;-0.657098
0.460;1.035336;-0.656449
0.470;1.043072;-0.649589
0.480;1.054184;-0.637591
0.490;1.067300;-0.622468
0.500;1.080484;-0.606423
0.510;1.091715;-0.591087
0.520;1.099387;-0.576990
0.530;1.102715;-0.563459
0.540;1.101923;-0.548936
0.550;1.098146;-0.531595
0.560;1.093103;-0.509997
0.570;1.088632;-0.483544
0.580;1.086298;-0.452589
0.590;1.087171;-0.418217
0.600;1.091812;-0.381822
0.610;1.100405;-0.344642
0.620;1.112933;-0.307405
0.630;1.129312;-0.270187
0.640;1.149418;-0.232537
0.650;1.173018;-0.193807
0.660;1.199629;-0.153538
0.670;1.228382;-0.111726
0.680;1.257982;-0.068879
0.690;1.286806;-0.025889
0.700;1.313175;0.016213
0.710;1.335716;0.056496
0.720;1.353684;0.094269
0.730;1.367097;0.129102
0.740;1.376604;0.160716
0.750;1.383132;0.188824
0.760;1.387423;0.213027
0.770;1.389652;0.232817
0.780;1.389229;0.247734
0.790;1.384884;0.257624
0.800;1.374993;0.262910
0.810;1.358060;0.264768
0.820;1.333221;0.265091
0.830;1.300613;0.266227
0.840;1.261501;0.270529
0.850;1.218104;0.279874
0.860;1.173176;0.295290
0.870;1.129479;0.316825
0.880;1.089307;0.343685
0.890;1.054203;0.374565
0.900;1.024887;0.408060
0.910;1.001408;0.443017
0.920;0.983421;0.478733
0.930;0.970525;0.514944
0.940;0.962554;0.551657
0.950;0.959753;0.588870
0.960;0.962788;0.626300
0.970;0.972579;0.663210
0.980;0.990005;0.698449
0.990;1.015563;0.730700
1.000;1.049126;0.758882
1.010;1.089870;0.782568
1.020;1.136381;0.802246
1.030;1.186850;0.819289
1.040;1.239251;0.835599
1.050;1.291416;0.853016
1.060;1.341046;0.872692
1.070;1.385761;0.894638
1.080;1.423274;0.917607
1.090;1.451714;0.939392
1.100;1.470016;0.957479
1.110;1.478229;0.969807
1.120;1.477616;0.975359
1.130;1.470466;0.974388
1.140;1.459669;0.968275
1.150;1.448160;0.959110
1.160;1.438397;0.949179
1.170;1.432028;0.940485
1.180;1.429827;0.934427
1.190;1.431899;0.931700
1.200;1.438040;0.932419
1.210;1.448116;0.936381
1.220;1.462369;0.943358
1.230;1.481587;0.953279
1.240;1.507097;0.966226
1.250;1.540570;0.982263
1.260;1.583669;1.001212
1.270;1.637626;1.022492
1.280;1.702862;1.045133
1.290;1.778802;1.067967
1.300;1.863929;1.089900
1.310;1.956090;1.110172
1.320;2.052951;1.128493
1.330;2.152467;1.145040
1.340;2.253212;1.160350
1.350;2.354477;1.175167
1.360;2.456113;1.190262
1.370;2.558198;1.206248
1.380;2.660622;1.223379
1.390;2.762770;1.241386
1.400;2.863411;1.259414
1.410;2.960840;1.276099
1.420;3.053206;1.289823
1.430;3.138884;1.299072
1.440;3.216774;1.302800
1.450;3.286428;1.300646
1.460;3.348012;1.292927
1.470;3.402107;1.280438
1.480;3.449438;1.264189
1.490;3.490612;1.245213
1.500;3.525959;1.224484
1.510;3.555506;1.202930
1.520;3.579080;1.181451
1.530;3.596472;1.160880
1.540;3.607598;1.141873
1.550;3.612594;1.124784
1.560;3.611814;1.109589
1.570;3.605758;1.095921
1.580;3.594969;1.083191
1.590;3.579955;1.070757
1.600;3.561169;1.058106
1.610;3.539022;1.044987
1.620;3.513898;1.031458
1.630;3.486112;1.017815
1.640;3.455795;1.004429
1.650;3.422745;0.991582
1.660;3.386323;0.979399
1.670;3.345488;0.967898
1.680;3.299015;0.957130
1.690;3.245855;0.947308
1.700;3.185507;0.938860
1.710;3.118279;0.932367
1.720;3.045322;0.928398
1.730;2.968427;0.927316
1.740;2.889682;0.929117
1.750;2.811100;0.933392
1.760;2.734335;0.939417
1.770;2.660547;0.946340
1.780;2.590361;0.953411
1.790;2.523905;0.960187
1.800;2.460898;0.966663
1.810;2.400794;0.973264
1.820;2.343027;0.980667
1.830;2.287289;0.989504
1.840;2.233793;1.000058
1.850;2.183343;1.012147
1.860;2.137175;1.025240
1.870;2.096549;1.038754
1.880;2.062278;1.052351
1.890;2.034369;1.066048
1.900;2.011931;1.080105
1.910;1.993369;1.094766
1.920;1.976799;1.110020
1.930;1.960517;1.125492
1.940;1.943427;1.140449
1.950;1.925289;1.153902
1.960;1.906763;1.164751
1.970;1.889207;1.171945
1.980;1.874267;1.174672
1.990;1.863354;1.172528
2.000;1.857145;1.165638
2.010;1.855271;1.154624
2.020;1.856289;1.140414
2.030;1.857963;1.123919
2.040;1.857783;1.105751
2.050;1.853593;1.086128
2.060;1.844133;1.064987
2.070;1.829338;1.042192
2.080;1.810314;1.017694
2.090;1.789008;0.991566
2.100;1.767690;0.963941
2.110;1.748385;0.934946
2.120;1.732429;0.904647
2.130;1.720256;0.873026
2.140;1.711503;0.839973
2.150;1.705344;0.805309
2.160;1.700935;0.768846
2.170;1.697799;0.730476
2.180;1.696035;0.690253
2.190;1.696306;0.648421
2.200;1.699634;0.605391
2.210;1.707057;0.561687
2.220;1.719278;0.517896
2.230;1.736420;0.474608
2.240;1.757985;0.432338
2.250;1.783020;0.391435
2.260;1.810410;0.352015
2.270;1.839147;0.313971
2.280;1.868456;0.277080
2.290;1.897727;0.241179
2.300;1.926314;0.206335
2.310;1.953337;0.172919
2.320;1.977597;0.141554
2.330;1.997663;0.112938
2.340;2.012104;0.087657
2.350;2.019777;0.066064
2.360;2.020070;0.048288
2.370;2.013014;0.034303
2.380;1.999217;0.024009
2.390;1.979650;0.017234
2.400;1.955365;0.013691
2.410;1.927266;0.012933
2.420;1.896005;0.014385
2.430;1.862031;0.017466
2.440;1.825729;0.021730
2.450;1.787605;0.026950
2.460;1.748444;0.033089
2.470;1.709417;0.040193
2.480;1.672053;0.048263
2.490;1.638056;0.057190
2.500;1.608951;0.066775
2.510;1.585698;0.076819
2.520;1.568391;0.087224
2.530;1.556186;0.098021
2.540;1.547503;0.109288
2.550;1.540403;0.121004
2.560;1.533031;0.132912
2.570;1.523945;0.144504
2.580;1.512276;0.155123
2.590;1.497674;0.164183
2.600;1.480127;0.171379
2.610;1.459757;0.176841
2.620;1.436685;0.181120
2.630;1.411012;0.185021
2.640;1.382912;0.189307
2.650;1.352781;0.194388
2.660;1.321365;0.200133
2.670;1.289803;0.205865
2.680;1.259552;0.210577
2.690;1.232217;0.213247
2.700;1.209330;0.213146
2.710;1.192152;0.209993
2.720;1.181553;0.203922
2.730;1.178028;0.195288
2.740;1.181840;0.184399
2.750;1.193239;0.171298
2.760;1.212647;0.155666
2.770;1.240756;0.136903
2.780;1.278506;0.114366
2.790;1.326947;0.087685
2.800;1.387045;0.057023
2.810;1.459451;0.023155
2.820;1.544333;-0.012682
2.830;1.641258;-0.049136
2.840;1.749125;-0.085153
2.850;1.866130;-0.120298
2.860;1.989792;-0.154846
2.870;2.117088;-0.189601
2.880;2.244689;-0.225530
2.890;2.369257;-0.263355
2.900;2.487720;-0.303265
2.910;2.597484;-0.344845
2.920;2.696539;-0.387237
2.930;2.783473;-0.429445
2.940;2.857448;-0.470656
2.950;2.918184;-0.510410
2.960;2.965953;-0.548538
2.970;3.001509;-0.584903
2.980;3.025903;-0.619092
2.990;3.040175;-0.650238
3.000;3.045036;-0.677084
3.010;3.040710;-0.698290
3.020;3.027035;-0.712892
3.030;3.003812;-0.720721
3.040;2.971208;-0.722642
3.050;2.930016;-0.720488
3.060;2.881626;-0.716692
3.070;2.827741;-0.713715
3.080;2.769999;-0.713446
3.090;2.709671;-0.716771
3.100;2.647546;-0.723453
3.110;2.584005;-0.732345
3.120;2.519212;-0.741837
3.130;2.453298;-0.750355
3.140;2.386487;-0.756749
3.150;2.319129;-0.760449
3.160;2.251705;-0.761402
3.170;2.184828;-0.759874
3.180;2.119267;-0.756216
3.190;2.055953;-0.750648
3.200;1.995948;-0.743121
3.210;1.940345;-0.733289
3.220;1.890127;-0.720646
3.230;1.846000;-0.704772
3.240;1.808234;-0.685577
3.250;1.776578;-0.663419
3.260;1.750249;-0.639045
3.270;1.728049;-0.613376
3.280;1.708571;-0.587244
3.290;1.690462;-0.561162
3.300;1.672709;-0.535190
3.310;1.654856;-0.508917
3.320;1.637109;-0.481525
3.330;1.620243;-0.451931
3.340;1.605354;-0.418997
3.350;1.593523;-0.381809
3.360;1.585493;-0.339985
3.370;1.581480;-0.293885
3.380;1.581139;-0.244615
3.390;1.583689;-0.193764
3.400;1.588119;-0.142973
3.410;1.593394;-0.093506
3.420;1.598606;-0.045987
3.430;1.603069;-0.000391
3.440;1.606364;0.043759
3.450;1.608345;0.087079
3.460;1.609112;0.130035
3.470;1.608938;0.172783
3.480;1.608175;0.215176
3.490;1.607166;0.256870
3.500;1.606171;0.297430
3.510;1.605340;0.336371
3.520;1.604731;0.373132
3.530;1.604371;0.407043
3.540;1.604333;0.437330
3.550;1.604761;0.463244
3.560;1.605820;0.484287
3.570;1.607574;0.500469
3.580;1.609870;0.512444
3.590;1.612268;0.521459
3.600;1.614061;0.529096
3.610;1.614399;0.536894
3.620;1.612469;0.545987
3.630;1.607714;0.556869
3.640;1.599980;0.569368
3.650;1.589564;0.582776
3.660;1.577128;0.596070
3.670;1.563529;0.608142
3.680;1.549627;0.618013
3.690;1.536120;0.625009
3.700;1.523444;0.628912
3.710;1.511765;0.630044
3.720;1.501049;0.629260
3.730;1.491175;0.627833
3.740;1.481997;0.627236
3.750;1.473333;0.628885
3.760;1.464932;0.633894
3.770;1.456500;0.642901
3.780;1.447813;0.656003
3.790;1.438865;0.672813
3.800;1.429947;0.692612
3.810;1.421627;0.714543
3.820;1.414629;0.737791
3.830;1.409662;0.761737
3.840;1.407254;0.786071
3.850;1.407620;0.810854
3.860;1.410642;0.836475
3.870;1.415933;0.863494
3.880;1.422972;0.892422
3.890;1.431235;0.923545
3.900;1.440294;0.956839
3.910;1.449847;0.991987
3.920;1.459695;1.028421
3.930;1.469644;1.065331
3.940;1.479398;1.101653
3.950;1.488492;1.136125
3.960;1.496330;1.167465
3.970;1.502315;1.194700
3.980;1.506007;1.217487
3.990;1.507230;1.236287
4.000;1.506084;1.252251
4.010;1.502903;1.266851
4.020;1.498177;1.281412
4.030;1.492470;1.296739
4.040;1.486348;1.312968
4.050;1.480315;1.329629
4.060;1.474759;1.345863
4.070;1.469924;1.360717
4.080;1.465889;1.373453
4.090;1.462572;1.383793
4.100;1.459760;1.391990
4.110;1.457218;1.398712
4.120;1.454841;1.404783
4.130;1.452797;1.410915
4.140;1.451572;1.417544
4.150;1.451883;1.424818
4.160;1.454487;1.432683
4.170;1.459977;1.440977
4.180;1.468657;1.449491
4.190;1.480499;1.458000
4.200;1.495155;1.466278
4.210;1.512011;1.474101
4.220;1.530303;1.481230
4.230;1.549310;1.487396
4.240;1.568571;1.492335
4.250;1.588054;1.495860
4.260;1.608193;1.497937
4.270;1.629791;1.498724
4.280;1.653832;1.498565
4.290;1.681257;1.497914
4.300;1.712777;1.497227
4.310;1.748758;1.496849
4.320;1.789187;1.496911
4.330;1.833716;1.497231
4.340;1.881736;1.497244
4.350;1.932476;1.495967
4.360;1.985097;1.492062
4.370;2.038801;1.484046
4.380;2.092924;1.470616
4.390;2.146987;1.451015
4.400;2.200695;1.425281
4.410;2.253879;1.394275
4.420;2.306400;1.359475
4.430;2.358079;1.322615
4.440;2.408629;1.285309
4.450;2.457634;1.248760
4.460;2.504537;1.213634
4.470;2.548687;1.180089
4.480;2.589413;1.147927
4.490;2.626146;1.116755
4.500;2.658518;1.086088
4.510;2.686413;1.055365
4.520;2.709957;1.023924
4.530;2.729491;0.991018
4.540;2.745554;0.955903
4.550;2.758882;0.918013
4.560;2.770402;0.877169
4.570;2.781158;0.833739
4.580;2.792166;0.788657
4.590;2.804194;0.743252
4.600;2.817577;0.698932
4.610;2.832134;0.656821
4.620;2.847249;0.617504
4.630;2.862098;0.580950
4.640;2.875950;0.546629
4.650;2.888431;0.513739
4.660;2.899660;0.481426
4.670;2.910228;0.448943
4.680;2.921017;0.415714
4.690;2.932952;0.381330
4.700;2.946768;0.345486
4.710;2.962842;0.307920
4.720;2.981118;0.268398
4.730;3.001100;0.226763
4.740;3.021927;0.182999
4.750;3.042530;0.137270
4.760;3.061834;0.089899
4.770;3.078961;0.041299
4.780;3.093394;-0.008112
4.790;3.105062;-0.057988
4.800;3.114323;-0.108084
4.810;3.121872;-0.158228
4.820;3.128585;-0.208246
4.830;3.135335;-0.257888
4.840;3.142811;-0.306808
4.850;3.151405;-0.354614
4.860;3.161171;-0.400947
4.870;3.171867;-0.445531
4.880;3.183075;-0.488161
4.890;3.194348;-0.528649
4.900;3.205343;-0.566802
4.910;3.215929;-0.602432
4.920;3.226213;-0.635406
4.930;3.236510;-0.665682
4.940;3.247234;-0.693304
4.950;3.258746;-0.718329
4.960;3.271199;-0.740722
4.970;3.284422;-0.760269
4.980;3.297878;-0.776609
4.990;3.310721;-0.789375
5.000;3.321915;-0.798405
5.010;3.330393;-0.803878
5.020;3.335183;-0.806327
5.030;3.335507;-0.806482
5.040;3.330839;-0.805023
5.050;3.320947;-0.802323
5.060;3.305900;-0.798305
5.070;3.286055;-0.792455
5.080;3.262010;-0.784005
5.090;3.234492;-0.772203
5.100;3.204176;-0.756558
5.110;3.171468;-0.736963
5.120;3.136347;-0.713635
5.130;3.098366;-0.686907
5.140;3.056842;-0.656971
5.150;3.011135;-0.623730
5.160;2.960914;-0.586813
5.170;2.906329;-0.545743
5.180;2.848084;-0.500142
5.190;2.787414;-0.449872
5.200;2.725944;-0.395080
5.210;2.665442;-0.336166
5.220;2.607471;-0.273707
5.230;2.553030;-0.208359
5.240;2.502276;-0.140744
5.250;2.454500;-0.071333
5.260;2.408403;-0.000395
5.270;2.362628;0.071951
5.280;2.316348;0.145548
5.290;2.269679;0.219959
5.300;2.223787;0.294297
5.310;2.180653;0.367267
5.320;2.142620;0.437421
5.330;2.111871;0.503510
5.340;2.090003;0.564732
5.350;2.077801;0.620735
5.360;2.075229;0.671368
5.370;2.081619;0.716343
5.380;2.095973;0.755061
5.390;2.117297;0.786751
5.400;2.144863;0.810855
5.410;2.178346;0.827457
5.420;2.217794;0.837522
5.430;2.263467;0.842847
5.440;2.315635;0.845767
5.450;2.374415;0.848698
5.460;2.439707;0.853693
5.470;2.511192;0.862072
5.480;2.588326;0.874252
5.490;2.670253;0.889775
5.500;2.755648;0.907569
5.510;2.842572;0.926361
5.520;2.928469;0.945122
5.530;3.010383;0.963370
5.540;3.085383;0.981226
5.550;3.151077;0.999209
5.560;3.206031;1.017867
5.570;3.249953;1.037416
5.580;3.283580;1.057550
5.590;3.308364;1.077499
5.600;3.326058;1.096312
5.610;3.338313;1.113216
5.620;3.346361;1.127879
5.630;3.350808;1.140473
5.640;3.351575;1.151556
5.650;3.347987;1.161857
5.660;3.339029;1.172051
5.670;3.323720;1.182596
5.680;3.301533;1.193648
5.690;3.272750;1.205107
5.700;3.238573;1.216732
5.710;3.200872;1.228322
5.720;3.161581;1.239889
5.730;3.121948;1.251795
5.740;3.081914;1.264829
5.750;3.039906;1.280167
5.760;2.993161;1.299186
5.770;2.938528;1.323106
5.780;2.873520;1.352507
5.790;2.797321;1.386868
5.800;2.711384;1.424353
5.810;2.619393;1.462005
5.820;2.526480;1.496380
5.830;2.437901;1.524395
5.840;2.357620;1.544059
5.850;2.287332;1.554822
5.860;2.226278;1.557449
5.870;2.171835;1.553538
5.880;2.120523;1.544912
5.890;2.069005;1.533098
5.900;2.014780;1.519032
5.910;1.956519;1.503032
5.920;1.894132;1.484998
5.930;1.828722;1.464714
5.940;1.762491;1.442149
5.950;1.698599;1.417639
5.960;1.640893;1.391872
5.970;1.593486;1.365671
5.980;1.560188;1.339648
5.990;1.543926;1.313907
6.000;1.546302;1.287923
6.010;1.567392;1.260685
6.020;1.605822;1.231033
6.030;1.659094;1.198052
6.040;1.724080;1.161354
6.050;1.797562;1.121157
6.060;1.876704;1.078150
6.070;1.959329;1.033231
6.080;2.043964;0.987233
6.090;2.129684;0.940742
6.100;2.215834;0.894059
6.110;2.301711;0.847316
6.120;2.386273;0.800704
6.130;2.467927;0.754710
6.140;2.544434;0.710251
6.150;2.612982;0.668626
6.160;2.670477;0.631282
6.170;2.714029;0.599463
6.180;2.741538;0.573885
6.190;2.752175;0.554544
6.200;2.746588;0.540727
6.210;2.726713;0.531198
6.220;2.695242;0.524528
6.230;2.654874;0.519432
6.240;2.607633;0.515036
6.250;2.554523;0.510965
6.260;2.495681;0.507233
6.270;2.430962;0.504004
6.280;2.360711;0.501350
6.290;2.286380;0.499103
6.300;2.210753;0.496875
6.310;2.137677;0.494214
6.320;2.071366;0.490839
6.330;2.015519;0.486817
6.340;1.972549;0.482633
6.350;1.943185;0.479108
6.360;1.926534;0.477229
6.370;1.920523;0.477968
6.380;1.922536;0.482172
6.390;1.930015;0.490535
6.400;1.940885;0.503612
6.410;1.953735;0.521825
6.420;1.967782;0.545434
6.430;1.982696;0.574466
6.440;1.998379;0.608651
6.450;2.014787;0.647375
6.460;2.031827;0.689666
6.470;2.049302;0.734219
6.480;2.066866;0.779472
6.490;2.083956;0.823767
6.500;2.099756;0.865589
6.510;2.113235;0.903843
6.520;2.123320;0.938107
6.530;2.129153;0.968741
6.540;2.130361;0.996769
6.550;2.127232;1.023539
6.560;2.120740;1.050252
6.570;2.112385;1.077541
6.580;2.103914;1.105240
6.590;2.096996;1.132432
6.600;2.092930;1.157747
6.610;2.092426;1.179817
6.620;2.095508;1.197733
6.630;2.101579;1.211350
6.640;2.109638;1.221347
6.650;2.118600;1.229049
6.660;2.127632;1.236059
6.670;2.136400;1.243772
6.680;2.145162;1.252917
6.690;2.154668;1.263249
6.700;2.165923;1.273552
6.710;2.179880;1.281942
6.720;2.197186;1.286426
6.730;2.218027;1.285495
6.740;2.242129;1.278595
6.750;2.268863;1.266299
6.760;2.297427;1.250143
6.770;2.327005;1.232163
6.780;2.356869;1.214327
6.790;2.386395;1.198064
6.800;2.415040;1.184075
6.810;2.442307;1.172426
6.820;2.467731;1.162812
6.830;2.490909;1.154822
6.840;2.511574;1.148089
6.850;2.529664;1.142302
6.860;2.545352;1.137168
6.870;2.558979;1.132357
6.880;2.570955;1.127489
6.890;2.581661;1.122145
6.900;2.591444;1.115946
6.910;2.600679;1.108669
6.920;2.609834;1.100341
6.930;2.619435;1.091224
6.940;2.629913;1.081669
6.950;2.641411;1.071933
6.960;2.653679;1.062063
6.970;2.666108;1.051868
6.980;2.677944;1.040977
6.990;2.688565;1.028917
7.000;2.697730;1.015199
7.010;2.705670;0.999414
7.020;2.712996;0.981351
7.030;2.720469;0.961117
7.040;2.728744;0.939186
7.050;2.738204;0.916362
7.060;2.748902;0.893666
7.070;2.760590;0.872202
7.080;2.772788;0.853040
7.090;2.784890;0.837085
7.100;2.796282;0.824958
7.110;2.806501;0.816896
7.120;2.815402;0.812691
7.130;2.823260;0.811679
7.140;2.830751;0.812816
7.150;2.838772;0.814832
7.160;2.848190;0.816488
7.170;2.859601;0.816848
7.180;2.873215;0.815489
7.190;2.888887;0.812548
7.200;2.906227;0.808567
7.210;2.924704;0.804211
7.220;2.943707;0.799942
7.230;2.962569;0.795814
7.240;2.980596;0.791465
7.250;2.997113;0.786284
7.260;3.011526;0.779666
7.270;3.023378;0.771224
7.280;3.032398;0.760915
7.290;3.038521;0.749041
7.300;3.041862;0.736184
7.310;3.042633;0.723087
7.320;3.041012;0.710534
7.330;3.037015;0.699193
7.340;3.030427;0.689451
7.350;3.020802;0.681254
7.360;3.007532;0.674024
7.370;2.989974;0.666698
7.380;2.967623;0.657937
7.390;2.940261;0.646453
7.400;2.908038;0.631350
7.410;2.871422;0.612340
7.420;2.831062;0.589785
7.430;2.787639;0.564629
7.440;2.741795;0.538272
7.450;2.694184;0.512440
7.460;2.645588;0.489000
7.470;2.597035;0.469698
7.480;2.549806;0.455853
7.490;2.505296;0.448085
7.500;2.464754;0.446168
7.510;2.428999;0.449085
7.520;2.398250;0.455280
7.530;2.372124;0.463021
7.540;2.349829;0.470758
7.550;2.330448;0.477367
7.560;2.313234;0.482258
7.570;2.297806;0.485335
7.580;2.284191;0.486853
7.590;2.272703;0.487204
7.600;2.263716;0.486717
7.610;2.257404;0.485559
7.620;2.253529;0.483777
7.630;2.251368;0.481416
7.640;2.249811;0.478633
7.650;2.247613;0.475715
7.660;2.243696;0.473009
7.670;2.237440;0.470801
7.680;2.228838;0.469233
7.690;2.218513;0.468299
7.700;2.207563;0.467907
7.710;2.197310;0.467980
7.720;2.188997;0.468491
7.730;2.183551;0.469444
7.740;2.181482;0.470774
7.750;2.182944;0.472273
7.760;2.187870;0.473576
7.770;2.196102;0.474243
7.780;2.207453;0.473900
7.790;2.221715;0.472376
7.800;2.238658;0.469770
7.810;2.258052;0.466415
7.820;2.279714;0.462745
7.830;2.303551;0.459155
7.840;2.329578;0.455893
7.850;2.357912;0.453029
7.860;2.388753;0.450475
7.870;2.422326;0.448014
7.880;2.458771;0.445334
7.890;2.497990;0.442064
7.900;2.539495;0.437842
7.910;2.582301;0.432394
7.920;2.624950;0.425548
7.930;2.665682;0.417186
7.940;2.702752;0.407170
7.950;2.734783;0.395322
7.960;2.761053;0.381492
7.970;2.781610;0.365689
7.980;2.797179;0.348206
7.990;2.808874;0.329675
8.000;2.817820;0.311025
8.010;2.824803;0.293365
8.020;2.830085;0.277813
8.030;2.833444;0.265334
8.040;2.834406;0.256564
8.050;2.832549;0.251682
8.060;2.827761;0.250344
8.070;2.820341;0.251744
8.080;2.810930;0.254775
8.090;2.800305;0.258267
8.100;2.789128;0.261199
8.110;2.777752;0.262852
8.120;2.766164;0.262862
8.130;2.754077;0.261199
8.140;2.741103;0.258130
8.150;2.726909;0.254166
8.160;2.711278;0.250026
8.170;2.694057;0.246615
8.180;2.675027;0.244960
8.190;2.653769;0.246083
8.200;2.629622;0.250766
8.210;2.601808;0.259309
8.220;2.569716;0.271362
8.230;2.533220;0.285954
8.240;2.492873;0.301732
8.250;2.449851;0.317308
8.260;2.405686;0.331608
8.270;2.361903;0.344104
8.280;2.319713;0.354837
8.290;2.279860;0.364277
8.300;2.242646;0.373048
8.310;2.208075;0.381644
8.320;2.176035;0.390211
8.330;2.146417;0.398488
8.340;2.119152;0.405911
8.350;2.094188;0.411843
8.360;2.071460;0.415817
8.370;2.050880;0.417672
8.380;2.032380;0.417541
8.390;2.015938;0.415741
8.400;2.001565;0.412654
8.410;1.989215;0.408630
8.420;1.978670;0.403926
8.430;1.969472;0.398664
8.440;1.960949;0.392870
8.450;1.952356;0.386566
8.460;1.943056;0.379868
8.470;1.932704;0.373026
8.480;1.921339;0.366335
8.490;1.909338;0.359992
8.500;1.897236;0.353964
8.510;1.885467;0.347973
8.520;1.874123;0.341578
8.530;1.862866;0.334342
8.540;1.851015;0.325965
8.550;1.837786;0.316333
8.560;1.822582;0.305460
8.570;1.805221;0.293389
8.580;1.785991;0.280124
8.590;1.765494;0.265622
8.600;1.744359;0.249850
8.610;1.722947;0.232856
8.620;1.701211;0.214809
8.630;1.678784;0.195962
8.640;1.655231;0.176549
8.650;1.630324;0.156642
8.660;1.604186;0.136050
8.670;1.577232;0.114288
8.680;1.549964;0.090665
8.690;1.522746;0.064478
8.700;1.495703;0.035283
8.710;1.468777;0.003156
8.720;1.441923;-0.031127
8.730;1.415300;-0.066101
8.740;1.389369;-0.099817
8.750;1.364801;-0.130226
8.760;1.342219;-0.155632
8.770;1.321886;-0.175071
8.780;1.303486;-0.188494
8.790;1.286155;-0.196725
8.800;1.268748;-0.201210
8.810;1.250239;-0.203660
8.820;1.230040;-0.205646
8.830;1.208114;-0.208265
8.840;1.184842;-0.211949
8.850;1.160795;-0.216501
8.860;1.136509;-0.221328
8.870;1.112375;-0.225775
8.880;1.088619;-0.229433
8.890;1.065344;-0.232305
8.900;1.042575;-0.234828
8.910;1.020288;-0.237748
8.920;0.998428;-0.241907
8.930;0.976919;-0.248033
8.940;0.955655;-0.256627
8.950;0.934486;-0.268014
8.960;0.913146;-0.282524
8.970;0.891176;-0.300711
8.980;0.867849;-0.323475
8.990;0.842201;-0.351982
9.000;0.813186;-0.387369
9.010;0.779951;-0.430308
9.020;0.742138;-0.480593
9.030;0.700087;-0.536887
9.040;0.654858;-0.596748
9.050;0.608036;-0.656942
9.060;0.561346;-0.714007
9.070;0.516209;-0.764919
9.080;0.473378;-0.807679
9.090;0.432786;-0.841633
9.100;0.393675;-0.867468
9.110;0.354969;-0.886868
9.120;0.315772;-0.901969
9.130;0.275817;-0.914745
9.140;0.235712;-0.926516
9.150;0.196881;-0.937722
9.160;0.161228;-0.948020
9.170;0.130588;-0.956637
9.180;0.106151;-0.962830
9.190;0.088038;-0.966308
9.200;0.075184;-0.967444
9.210;0.065587;-0.967265
9.220;0.056819;-0.967213
9.230;0.046637;-0.968819
9.240;0.033513;-0.973399
9.250;0.016942;-0.981867
9.260;-0.002531;-0.994678
9.270;-0.023555;-1.011852
9.280;-0.044406;-1.033000
9.290;-0.063485;-1.057330
9.300;-0.079752;-1.083630
9.310;-0.092960;-1.110314
9.320;-0.103628;-1.135554
9.330;-0.112784;-1.157503
9.340;-0.121590;-1.174591
9.350;-0.131018;-1.185815
9.360;-0.141676;-1.190936
9.370;-0.153814;-1.190518
9.380;-0.167438;-1.185808
9.390;-0.182411;-1.178488
9.400;-0.198491;-1.170365
9.410;-0.215306;-1.163062
9.420;-0.232352;-1.157751
9.430;-0.249083;-1.154991
9.440;-0.265103;-1.154694
9.450;-0.280392;-1.156252
9.460;-0.295440;-1.158802
9.470;-0.311215;-1.161500
9.480;-0.328925;-1.163706
9.490;-0.349650;-1.164990
9.500;-0.373942;-1.165034
9.510;-0.401533;-1.163512
9.520;-0.431237;-1.160063
9.530;-0.461082;-1.154361
9.540;-0.488661;-1.146219
9.550;-0.511616;-1.135651
9.560;-0.528198;-1.122870
9.570;-0.537715;-1.108237
9.580;-0.540744;-1.092203
9.590;-0.538986;-1.075242
9.600;-0.534810;-1.057767
9.610;-0.530649;-1.040084
9.620;-0.528450;-1.022383
9.630;-0.529336;-1.004774
9.640;-0.533526;-0.987314
9.650;-0.540462;-0.970003
9.660;-0.549055;-0.952771
9.670;-0.557987;-0.935474
9.680;-0.566022;-0.917965
9.690;-0.572271;-0.900221
9.700;-0.576339;-0.882466
9.710;-0.578309;-0.865184
9.720;-0.578586;-0.848967
9.730;-0.577628;-0.834250
9.740;-0.575642;-0.821041
9.750;-0.572307;-0.808752
9.760;-0.566574;-0.796192
9.770;-0.556625;-0.781733
9.780;-0.540031;-0.763601
9.790;-0.514094;-0.740226
9.800;-0.476315;-0.710540
9.810;-0.424912;-0.674180
9.820;-0.359277;-0.631579
9.830;-0.280277;-0.583967
9.840;-0.190312;-0.533275
9.850;-0.093093;-0.481969
9.860;0.006825;-0.432805
9.870;0.104644;-0.388518
9.880;0.195953;-0.351467
9.890;0.277280;-0.323326
9.900;0.346520;-0.304868
9.910;0.403171;-0.295931
9.920;0.448318;-0.295554
9.930;0.484329;-0.302257
9.940;0.514298;-0.314396
9.950;0.541348;-0.330445
9.960;0.567989;-0.349116
9.970;0.595666;-0.369327
9.980;0.624601;-0.390075
9.990;0.653925;-0.410353
10.000;0.682049;-0.429172
10.010;0.707197;-0.445705
10.020;0.727949;-0.459491
10.030;0.743656;-0.470614
10.040;0.754559;-0.479738
10.050;0.761576;-0.487955
10.060;0.765876;-0.496433
10.070;0.768447;-0.505996
10.080;0.769872;-0.516796
10.090;0.770384;-0.528217
10.100;0.770157;-0.539031
10.110;0.769624;-0.547730
10.120;0.769662;-0.552924
10.130;0.771511;-0.553670
10.140;0.776475;-0.549636
10.150;0.785511;-0.541087
10.160;0.798859;-0.528715
10.170;0.815820;-0.513430
10.180;0.834808;-0.496180
10.190;0.853664;-0.477850
10.200;0.870193;-0.459246
10.210;0.882741;-0.441100
10.220;0.890628;-0.424056
10.230;0.894268;-0.408631
10.240;0.894927;-0.395157
10.250;0.894204;-0.383736
10.260;0.893440;-0.374235
10.270;0.893277;-0.366323
10.280;0.893509;-0.359542
10.290;0.893230;-0.353384
10.300;0.891208;-0.347396
10.310;0.886311;-0.341296
10.320;0.877843;-0.335109
10.330;0.865701;-0.329260
10.340;0.850315;-0.324559
10.350;0.832478;-0.322067
10.360;0.813142;-0.322861
10.370;0.793288;-0.327792
10.380;0.773871;-0.337298
10.390;0.755803;-0.351318
10.400;0.739922;-0.369310
10.410;0.726915;-0.390337
10.420;0.717164;-0.413218
10.430;0.710563;-0.436706
10.440;0.706401;-0.459688
10.450;0.703378;-0.481339
10.460;0.699848;-0.501205
10.470;0.694184;-0.519190
10.480;0.685162;-0.535482
10.490;0.672210;-0.550475
10.500;0.655445;-0.564700
10.510;0.635539;-0.578757
10.520;0.613478;-0.593180
10.530;0.590300;-0.608309
10.540;0.566894;-0.624205
10.550;0.543873;-0.640668
10.560;0.521530;-0.657352
10.570;0.499844;-0.673922
10.580;0.478518;-0.690202
10.590;0.457060;-0.706249
10.600;0.434925;-0.722316
10.610;0.411713;-0.738707
10.620;0.387385;-0.755561
10.630;0.362418;-0.772706
10.640;0.337821;-0.789636
10.650;0.314971;-0.805645
10.660;0.295278;-0.820063
10.670;0.279792;-0.832475
10.680;0.268884;-0.842859
10.690;0.262128;-0.851586
10.700;0.258424;-0.859330
10.710;0.256341;-0.866953
10.720;0.254535;-0.875432
10.730;0.252074;-0.885834
10.740;0.248573;-0.899236
10.750;0.244078;-0.916550
10.760;0.238806;-0.938274
10.770;0.232873;-0.964269
10.780;0.226154;-0.993646
10.790;0.218306;-1.024854
10.800;0.208909;-1.055980
10.810;0.197586;-1.085232
10.820;0.184028;-1.111511
10.830;0.167955;-1.134810
10.840;0.149099;-1.156267
10.850;0.127309;-1.177748
10.860;0.102739;-1.201115
10.870;0.076021;-1.227479
10.880;0.048297;-1.256779
10.890;0.021051;-1.287845
10.900;-0.004203;-1.318889
10.910;-0.026244;-1.348198
10.920;-0.044353;-1.374740
10.930;-0.058355;-1.398495
10.940;-0.068509;-1.420409
10.950;-0.075313;-1.442022
10.960;-0.079298;-1.464932
10.970;-0.080866;-1.490317
10.980;-0.080235;-1.518679
10.990;-0.077498;-1.549820
11.000;-0.072753;-1.583028
11.010;-0.066218;-1.617335
11.020;-0.058268;-1.651792
11.030;-0.049403;-1.685683
11.040;-0.040160;-1.718687
11.050;-0.031010;-1.750917
11.060;-0.022280;-1.782836
11.070;-0.014107;-1.815025
11.080;-0.006442;-1.847869
11.090;0.000928;-1.881315
11.100;0.008349;-1.914807
11.110;0.016287;-1.947432
11.120;0.025299;-1.978204
11.130;0.035971;-2.006355
11.140;0.048840;-2.031531
11.150;0.064317;-2.053851
11.160;0.082614;-2.073859
11.170;0.103694;-2.092391
11.180;0.127251;-2.110416
11.190;0.152760;-2.128849
11.200;0.179634;-2.148330
11.210;0.207467;-2.168988
11.220;0.236278;-2.190256
11.230;0.266663;-2.210821
11.240;0.299794;-2.228794
11.250;0.337237;-2.242111
11.260;0.380648;-2.249050
11.270;0.431387;-2.248752
11.280;0.490189;-2.241568
11.290;0.556967;-2.229134
11.300;0.630806;-2.214117
11.310;0.710138;-2.199642
11.320;0.793008;-2.188537
11.330;0.877369;-2.182634
11.340;0.961332;-2.182336
11.350;1.043355;-2.186535
11.360;1.122342;-2.192903
11.370;1.197638;-2.198445
11.380;1.268911;-2.200202
11.390;1.335937;-2.195916
11.400;1.398375;-2.184492
11.410;1.455639;-2.166122
11.420;1.506953;-2.142072
11.430;1.551548;-2.114218
11.440;1.588917;-2.084526
11.450;1.618969;-2.054626
11.460;1.642021;-2.025586
11.470;1.658672;-1.997848
11.480;1.669629;-1.971270
11.490;1.675601;-1.945197
11.500;1.677278;-1.918559
11.510;1.675384;-1.889961
11.520;1.670748;-1.857816
11.530;1.664362;-1.820519
11.540;1.657402;-1.776704
11.550;1.651214;-1.725532
11.560;1.647238;-1.666915
11.570;1.646851;-1.601596
11.580;1.651121;-1.531063
11.590;1.660575;-1.457319
11.600;1.675076;-1.382585
11.610;1.693888;-1.308949
11.620;1.715911;-1.238023
11.630;1.740006;-1.170697
11.640;1.765305;-1.107068
11.650;1.791418;-1.046630
11.660;1.818476;-0.988673
11.670;1.846992;-0.932707
11.680;1.877584;-0.878725
11.690;1.910619;-0.827199
11.700;1.945898;-0.778867
11.710;1.982475;-0.734481
11.720;2.018710;-0.694667
11.730;2.052562;-0.659904
11.740;2.082065;-0.630541
11.750;2.105865;-0.606769
11.760;2.123667;-0.588535
11.770;2.136442;-0.575431
11.780;2.146260;-0.566611
11.790;2.155779;-0.560804
11.800;2.167554;-0.556471
11.810;2.183446;-0.552077
11.820;2.204300;-0.546413
11.830;2.229968;-0.538811
11.840;2.259560;-0.529162
11.850;2.291825;-0.517734
11.860;2.325507;-0.504892
11.870;2.359647;-0.490867
11.880;2.393759;-0.475640
11.890;2.427916;-0.458968
11.900;2.462711;-0.440478
11.910;2.499124;-0.419769
11.920;2.538292;-0.396493
11.930;2.581234;-0.370440
11.940;2.628594;-0.341675
11.950;2.680472;-0.310703
11.960;2.736369;-0.278575
11.970;2.795249;-0.246836
11.980;2.855679;-0.217256
11.990;2.916004;-0.191444
12.000;2.974534;-0.170489
12.010;3.029742;-0.154748
12.020;3.080455;-0.143871
12.030;3.126025;-0.136983
12.040;3.166420;-0.132958
12.050;3.202207;-0.130679
12.060;3.234393;-0.129236
12.070;3.264134;-0.128036
12.080;3.292368;-0.126858
12.090;3.319474;-0.125860
12.100;3.345096;-0.125551
12.110;3.368228;-0.126730
12.120;3.387545;-0.130363
12.130;3.401875;-0.137425
12.140;3.410614;-0.148693
12.150;3.413947;-0.164533
12.160;3.412791;-0.184722
12.170;3.408538;-0.208367
12.180;3.402664;-0.233974
12.190;3.396369;-0.259683
12.200;3.390331;-0.283618
12.210;3.384631;-0.304250
12.220;3.378842;-0.320688
12.230;3.372239;-0.332818
12.240;3.364073;-0.341247
12.250;3.353808;-0.347078
12.260;3.341237;-0.351593
12.270;3.326408;-0.355965
12.280;3.309370;-0.361125
12.290;3.289874;-0.367796
12.300;3.267188;-0.376625
12.310;3.240172;-0.388298
12.320;3.207619;-0.403545
12.330;3.168739;-0.423032
12.340;3.123540;-0.447155
12.350;3.072927;-0.475831
12.360;3.018451;-0.508369
12.370;2.961830;-0.543501
12.380;2.904453;-0.579618
12.390;2.847027;-0.615133
12.400;2.789455;-0.648883
12.410;2.730956;-0.680412
12.420;2.670370;-0.710040
12.430;2.606568;-0.738710
12.440;2.538834;-0.767644
12.450;2.467108;-0.797935
12.460;2.392022;-0.830190
12.470;2.314711;-0.864343
12.480;2.236519;-0.899703
12.490;2.158717;-0.935224
12.500;2.082327;-0.969904
12.510;2.008084;-1.003164
12.520;1.936474;-1.035061
12.530;1.867812;-1.066243
12.540;1.802320;-1.097701
12.550;1.740217;-1.130388
12.560;1.681834;-1.164855
12.570;1.627711;-1.200996
12.580;1.578615;-1.237993
12.590;1.535459;-1.274483
12.600;1.499162;-1.308870
12.610;1.470501;-1.339683
12.620;1.449990;-1.365855
12.630;1.437801;-1.386864
12.640;1.433741;-1.402738
12.650;1.437297;-1.413967
12.660;1.447724;-1.421380
12.670;1.464137;-1.426009
12.680;1.485535;-1.428956
12.690;1.510803;-1.431284
12.700;1.538715;-1.433942
12.710;1.568033;-1.437725
12.720;1.597673;-1.443270
12.730;1.626922;-1.451043
12.740;1.655592;-1.461324
12.750;1.684059;-1.474180
12.760;1.713136;-1.489425
12.770;1.743791;-1.506596
12.780;1.776759;-1.524969
12.790;1.812170;-1.543656
12.800;1.849347;-1.561795
12.810;1.886867;-1.578783
12.820;1.922874;-1.594447
12.830;1.955526;-1.609078
12.840;1.983397;-1.623284
12.850;2.005715;-1.637743
12.860;2.022376;-1.652971
12.870;2.033824;-1.669191
12.880;2.040816;-1.686298
12.890;2.044175;-1.703893
12.900;2.044544;-1.721311
12.910;2.042205;-1.737688
12.920;2.037035;-1.752105
12.930;2.028611;-1.763808
12.940;2.016439;-1.772412
12.950;2.000213;-1.777966
12.960;1.980009;-1.780856
12.970;1.956300;-1.781586
12.980;1.929813;-1.780525
12.990;1.901295;-1.777732
13.000;1.871295;-1.772921
13.010;1.840051;-1.765579
13.020;1.807536;-1.755175
13.030;1.773639;-1.741356
13.040;1.738420;-1.724063
13.050;1.702326;-1.703539
13.060;1.666314;-1.680263
13.070;1.631796;-1.654866
13.080;1.600434;-1.628092
13.090;1.573779;-1.600803
13.100;1.552862;-1.574001
13.110;1.537836;-1.548804
13.120;1.527820;-1.526348
13.130;1.520986;-1.507626
13.140;1.514897;-1.493353
13.150;1.507005;-1.483892
13.160;1.495185;-1.479289
13.170;1.478171;-1.479362
13.180;1.455762;-1.483803
13.190;1.428765;-1.492202
13.200;1.398671;-1.504024
13.210;1.367202;-1.518551
13.220;1.335843;-1.534882
13.230;1.305506;-1.552067
13.240;1.276392;-1.569381
13.250;1.248054;-1.586634
13.260;1.219628;-1.604374
13.270;1.190153;-1.623815
13.280;1.158897;-1.646470
13.290;1.125632;-1.673587
13.300;1.090783;-1.705632
13.310;1.055418;-1.742025
13.320;1.021087;-1.781263
13.330;0.989523;-1.821343
13.340;0.962285;-1.860280
13.350;0.940412;-1.896515
13.360;0.924169;-1.929097
13.370;0.912944;-1.957694
13.380;0.905327;-1.982508
13.390;0.899367;-2.004190
13.400;0.892967;-2.023763
13.410;0.884305;-2.042508
13.420;0.872161;-2.061764
13.430;0.856047;-2.082637
13.440;0.836152;-2.105687
13.450;0.813162;-2.130751
13.460;0.788051;-2.156987
13.470;0.761904;-2.183163
13.480;0.735740;-2.208031
13.490;0.710372;-2.230622
13.500;0.686290;-2.250394
13.510;0.663647;-2.267243
13.520;0.642331;-2.281432
13.530;0.622096;-2.293496
13.540;0.602687;-2.304144
13.550;0.583907;-2.314199
13.560;0.565629;-2.324549
13.570;0.547786;-2.336054
13.580;0.530366;-2.349389
13.590;0.513464;-2.364854
13.600;0.497349;-2.382261
13.610;0.482503;-2.400967
13.620;0.469574;-2.420112
13.630;0.459237;-2.439000
13.640;0.452036;-2.457468
13.650;0.448275;-2.476044
13.660;0.447991;-2.495768
13.670;0.451006;-2.517701
13.680;0.456985;-2.542360
13.690;0.465475;-2.569332
13.700;0.475914;-2.597271
13.710;0.487647;-2.624282
13.720;0.499977;-2.648508
13.730;0.512276;-2.668668
13.740;0.524099;-2.684349
13.750;0.535270;-2.695970
13.760;0.545875;-2.704491
13.770;0.556176;-2.710981
13.780;0.566467;-2.716225
13.790;0.576953;-2.720504
13.800;0.587674;-2.723623
13.810;0.598498;-2.725194
13.820;0.609178;-2.725023
13.830;0.619469;-2.723423
13.840;0.629283;-2.721284
13.850;0.638847;-2.719875
13.860;0.648813;-2.720483
13.870;0.660275;-2.724017
13.880;0.674640;-2.730767
13.890;0.693375;-2.740407
13.900;0.717656;-2.752254
13.910;0.748019;-2.765637
13.920;0.784111;-2.780209
13.930;0.824675;-2.796049
13.940;0.867784;-2.813562
13.950;0.911296;-2.833260
13.960;0.953379;-2.855556
13.970;0.992900;-2.880632
13.980;1.029537;-2.908421
13.990;1.063602;-2.938646
14.000;1.095695;-2.970860
14.010;1.126386;-3.004455
14.020;1.156023;-3.038689
14.030;1.184712;-3.072744
14.040;1.212409;-3.105861
14.050;1.239046;-3.137447
14.060;1.264635;-3.167119
14.070;1.289311;-3.194636
14.080;1.313305;-3.219772
14.090;1.336894;-3.242204
14.100;1.360361;-3.261523
14.110;1.383986;-3.277383
14.120;1.408056;-3.289755
14.130;1.432893;-3.299098
14.140;1.458873;-3.306316
14.150;1.486452;-3.312446
14.160;1.516178;-3.318202
14.170;1.548727;-3.323551
14.180;1.584940;-3.327498
14.190;1.625853;-3.328155
14.200;1.672629;-3.323076
14.210;1.726371;-3.309801
14.220;1.787820;-3.286444
14.230;1.857025;-3.252223
14.240;1.933088;-3.207769
14.250;2.014113;-3.155146
14.260;2.097395;-3.097552
14.270;2.179853;-3.038744
14.280;2.258596;-2.982325
14.290;2.331516;-2.931065
14.300;2.397728;-2.886448
14.310;2.457748;-2.848556
14.320;2.513311;-2.816289
14.330;2.566895;-2.787778
14.340;2.621052;-2.760854
14.350;2.677722;-2.733469
14.360;2.737714;-2.704045
14.370;2.800497;-2.671768
14.380;2.864385;-2.636797
14.390;2.927049;-2.600294
14.400;2.986160;-2.564211
14.410;3.039907;-2.530850
14.420;3.087208;-2.502313
14.430;3.127617;-2.480008
14.440;3.161082;-2.464367
14.450;3.187722;-2.454829
14.460;3.207745;-2.450023
14.470;3.221503;-2.448068
14.480;3.229573;-2.446884
14.490;3.232768;-2.444482
14.500;3.232019;-2.439215
14.510;3.228171;-2.429957
14.520;3.221808;-2.416185
14.530;3.213184;-2.397893
14.540;3.202302;-2.375371
14.550;3.189107;-2.348967
14.560;3.173687;-2.318921
14.570;3.156389;-2.285385
14.580;3.137784;-2.248579
14.590;3.118498;-2.208994
14.600;3.098978;-2.167530
14.610;3.079316;-2.125455
14.620;3.059218;-2.084203
14.630;3.038141;-2.045094
14.640;3.015555;-2.009099
14.650;2.991205;-1.976770
14.660;2.965273;-1.948337
14.670;2.938370;-1.923922
14.680;2.911381;-1.903683
14.690;2.885211;-1.887797
14.700;2.860568;-1.876276
14.710;2.837875;-1.868732
14.720;2.817332;-1.864232
14.730;2.799054;-1.861321
14.740;2.783175;-1.858231
14.750;2.769885;-1.853200
14.760;2.759414;-1.844813
14.770;2.752043;-1.832264
14.780;2.748116;-1.815478
14.790;2.748066;-1.795080
14.800;2.752393;-1.772217
14.810;2.761597;-1.748275
14.820;2.776050;-1.724561
14.830;2.795851;-1.702065
14.840;2.820727;-1.681350
14.850;2.850033;-1.662568
14.860;2.882885;-1.645513
14.870;2.918416;-1.629621
14.880;2.956065;-1.613916
14.890;2.995786;-1.596970
14.900;3.038059;-1.576960
14.910;3.083694;-1.551847
14.920;3.133508;-1.519679
14.930;3.188006;-1.478950
14.940;3.247161;-1.428966
14.950;3.310352;-1.370070
14.960;3.376438;-1.303677
14.970;3.443940;-1.232084
14.980;3.511253;-1.158127
14.990;3.576812;-1.084749
15.000;3.639162;-1.014587
15.010;3.696959;-0.949662
15.020;3.748985;-0.891265
15.030;3.794235;-0.840027
15.040;3.832064;-0.796106
15.050;3.862316;-0.759405
15.060;3.885323;-0.729712
15.070;3.901725;-0.706754
15.080;3.912140;-0.690145
15.090;3.916840;-0.679293
15.100;3.915570;-0.673355
15.110;3.907628;-0.671282
15.120;3.892173;-0.671999
15.130;3.868636;-0.674657
15.140;3.837047;-0.678862
15.150;3.798077;-0.684775
15.160;3.752744;-0.693029
15.170;3.701935;-0.704479
15.180;3.645979;-0.719865
15.190;3.584520;-0.739472
15.200;3.516734;-0.762903
15.210;3.441818;-0.789004
15.220;3.359522;-0.815968
15.230;3.270536;-0.841555
15.240;3.176566;-0.863388
15.250;3.080063;-0.879263
15.260;2.983692;-0.887432
15.270;2.889765;-0.886799
15.280;2.799864;-0.876958
15.290;2.714798;-0.858052
15.300;2.634864;-0.830575
15.310;2.560232;-0.795252
15.320;2.491245;-0.753069
15.330;2.428473;-0.705389
15.340;2.372536;-0.654004
15.350;2.323817;-0.601032
15.360;2.282232;-0.548642
15.370;2.247136;-0.498690
15.380;2.217364;-0.452431
15.390;2.191363;-0.410404
15.400;2.167401;-0.372521
15.410;2.143813;-0.338283
15.420;2.119246;-0.307015
15.430;2.092827;-0.277998
15.440;2.064221;-0.250488
15.450;2.033569;-0.223642
15.460;2.001341;-0.196503
15.470;1.968106;-0.168126
15.480;1.934292;-0.137807
15.490;1.900011;-0.105260
15.500;1.865025;-0.070585
15.510;1.828904;-0.033976
15.520;1.791322;0.004666
15.530;1.752327;0.045995
15.540;1.712440;0.091122
15.550;1.672527;0.141154
15.560;1.633556;0.196535
15.570;1.596382;0.256505
15.580;1.561695;0.318927
15.590;1.530095;0.380558
15.600;1.502218;0.437667
15.610;1.478782;0.486762
15.620;1.460476;0.525247
15.630;1.447717;0.551831
15.640;1.440395;0.566639
15.650;1.437753;0.571031
15.660;1.438501;0.567218
15.670;1.441157;0.557782
15.680;1.444465;0.545222
15.690;1.447710;0.531582
15.700;1.450793;0.518224
15.710;1.454058;0.505778
15.720;1.457979;0.494263
15.730;1.462842;0.483353
15.740;1.468536;0.472674
15.750;1.474480;0.462044
15.760;1.479681;0.451564
15.770;1.482873;0.441559
15.780;1.482715;0.432400
15.790;1.477995;0.424345
15.800;1.467803;0.417478
15.810;1.451636;0.411788
15.820;1.429401;0.407320
15.830;1.401343;0.404310
15.840;1.367945;0.403219
15.850;1.329890;0.404622
15.860;1.288106;0.409024
15.870;1.243847;0.416642
15.880;1.198733;0.427236
15.890;1.154658;0.440045
15.900;1.113572;0.453881
15.910;1.077151;0.467385
15.920;1.046467;0.479389
15.930;1.021780;0.489224
15.940;1.002547;0.496866
15.950;0.987648;0.502857
15.960;0.975753;0.508027
15.970;0.965693;0.513134
15.980;0.956729;0.518571
15.990;0.948644;0.524240
16.000;0.941662;0.529638
16.010;0.936223;0.534049
16.020;0.932725;0.536770
16.030;0.931335;0.537270
16.040;0.931916;0.535271
16.050;0.934102;0.530743
16.060;0.937434;0.523839
16.070;0.941515;0.514771
16.080;0.946167;0.503676
16.090;0.951589;0.490534
16.100;0.958534;0.475170
16.110;0.968430;0.457380
16.120;0.983366;0.437111
16.130;1.005851;0.414639
16.140;1.038340;0.390673
16.150;1.082574;0.366356
16.160;1.138921;0.343142
16.170;1.205939;0.322559
16.180;1.280385;0.305922
16.190;1.357739;0.294092
16.200;1.433133;0.287366
16.210;1.502388;0.285517
16.220;1.562852;0.287961
16.230;1.613740;0.293969
16.240;1.655923;0.302853
16.250;1.691254;0.314113
16.260;1.721723;0.327552
16.270;1.748748;0.343354
16.280;1.772826;0.362121
16.290;1.793594;0.384813
16.300;1.810182;0.412542
16.310;1.821634;0.446223
16.320;1.827201;0.486162
16.330;1.826416;0.531735
16.340;1.819026;0.581342
16.350;1.804892;0.632666
16.360;1.783995;0.683181
16.370;1.756564;0.730689
16.380;1.723254;0.773720
16.390;1.685288;0.811667
16.400;1.644468;0.844682
16.410;1.603024;0.873386
16.420;1.563363;0.898527
16.430;1.527760;0.920667
16.440;1.498083;0.940016
16.450;1.475589;0.956446
16.460;1.460823;0.969693
16.470;1.453639;0.979633
16.480;1.453324;0.986532
16.490;1.458839;0.991133
16.500;1.469111;0.994551
16.510;1.483311;0.997989
16.520;1.500988;1.002413
16.530;1.521964;1.008277
16.540;1.546034;1.015400
16.550;1.572581;1.022982
16.560;1.600317;1.029763
16.570;1.627309;1.034279
16.580;1.651296;1.035205
16.590;1.670186;1.031682
16.600;1.682516;1.023543
16.610;1.687711;1.011349
16.620;1.686056;0.996242
16.630;1.678455;0.979680
16.640;1.666117;0.963142
16.650;1.650295;0.947908
16.660;1.632198;0.934925
16.670;1.613011;0.924773
16.680;1.593965;0.917698
16.690;1.576341;0.913692
16.700;1.561378;0.912593
16.710;1.550159;0.914142
16.720;1.543536;0.917954
16.730;1.542165;0.923440
16.740;1.546636;0.929789
16.750;1.557612;0.936037
16.760;1.575906;0.941233
16.770;1.602440;0.944638
16.780;1.638105;0.945879
16.790;1.683600;0.945033
16.800;1.739264;0.942618
16.810;1.804948;0.939496
16.820;1.879905;0.936710
16.830;1.962720;0.935250
16.840;2.051332;0.935829
16.850;2.143184;0.938710
16.860;2.235498;0.943669
16.870;2.325603;0.950098
16.880;2.411224;0.957202
16.890;2.490667;0.964188
16.900;2.562898;0.970386
16.910;2.627530;0.975250
16.920;2.684754;0.978282
16.930;2.735223;0.978901
16.940;2.779888;0.976358
16.950;2.819815;0.969733
16.960;2.856010;0.958040
16.970;2.889288;0.940402
16.980;2.920209;0.916250
16.990;2.949071;0.885506
17.000;2.975946;0.848720
17.010;3.000711;0.807062
17.020;3.023048;0.762154
17.030;3.042425;0.715743
17.040;3.058093;0.669387
17.050;3.069161;0.624240
17.060;3.074731;0.581008
17.070;3.074083;0.540026
17.080;3.066827;0.501368
17.090;3.053019;0.464922
17.100;3.033170;0.430417
17.110;3.008163;0.397429
17.120;2.979081;0.365401
17.130;2.947011;0.333713
17.140;2.912890;0.301766
17.150;2.877443;0.269105
17.160;2.841234;0.235558
17.170;2.804794;0.201390
17.180;2.768742;0.167392
17.190;2.733791;0.134841
17.200;2.700582;0.105295
17.210;2.669436;0.080221
17.220;2.640147;0.060566
17.230;2.611995;0.046411
17.240;2.583986;0.036858
17.250;2.555220;0.030181
17.260;2.525181;0.024197
17.270;2.493799;0.016712
17.280;2.461247;0.005920
17.290;2.427623;-0.009358
17.300;2.392688;-0.029625
17.310;2.355795;-0.054789
17.320;2.315987;-0.084295
17.330;2.272163;-0.117247
17.340;2.223211;-0.152530
17.350;2.168070;-0.188938
17.360;2.105734;-0.225319
17.370;2.035280;-0.260720
17.380;1.955983;-0.294521
17.390;1.867561;-0.326530
17.400;1.770519;-0.356996
17.410;1.666454;-0.386475
17.420;1.558158;-0.415568
17.430;1.449391;-0.444609
17.440;1.344304;-0.473444
17.450;1.246678;-0.501410
17.460;1.159258;-0.527515
17.470;1.083417;-0.550721
17.480;1.019280;-0.570163
17.490;0.966203;-0.585256
17.500;0.923376;-0.595674
17.510;0.890290;-0.601296
17.520;0.866932;-0.602123
17.530;0.853696;-0.598216
17.540;0.851103;-0.589641
17.550;0.859460;-0.576485
17.560;0.878545;-0.558926
17.570;0.907428;-0.537318
17.580;0.944453;-0.512231
17.590;0.987422;-0.484372
17.600;1.033940;-0.454442
17.610;1.081832;-0.422959
17.620;1.129487;-0.390156
17.630;1.175968;-0.355991
17.640;1.220799;-0.320299
17.650;1.263503;-0.283062
17.660;1.303107;-0.244719
17.670;1.337879;-0.206374
17.680;1.365450;-0.169790
17.690;1.383334;-0.137135
17.700;1.389637;-0.110515
17.710;1.383697;-0.091463
17.720;1.366406;-0.080553
17.730;1.340101;-0.077281
17.740;1.308078;-0.080266
17.750;1.273884;-0.087667
17.760;1.240636;-0.097685
17.770;1.210552;-0.108973
17.780;1.184824;-0.120870
17.790;1.163793;-0.133433
17.800;1.147315;-0.147278
17.810;1.135128;-0.163300
17.820;1.127095;-0.182310
17.830;1.123269;-0.204669
17.840;1.123800;-0.230007
17.850;1.128760;-0.257151
17.860;1.137962;-0.284320
17.870;1.150853;-0.309601
17.880;1.166498;-0.331538
17.890;1.183637;-0.349607
17.900;1.200788;-0.364330
17.910;1.216361;-0.376989
17.920;1.228785;-0.389053
17.930;1.236617;-0.401592
17.940;1.238621;-0.414907
17.950;1.233818;-0.428495
17.960;1.221509;-0.441339
17.970;1.201274;-0.452360
17.980;1.172946;-0.460840
17.990;1.136594;-0.466606
18.000;1.092560;-0.469899
18.010;1.041549;-0.471003
18.020;0.984714;-0.469858
18.030;0.923681;-0.465894
18.040;0.860484;-0.458200
18.050;0.797430;-0.445952
18.060;0.736908;-0.428864
18.070;0.681148;-0.407452
18.080;0.631935;-0.382979
18.090;0.590373;-0.357139
18.100;0.556773;-0.331621
18.110;0.530710;-0.307729
18.120;0.511239;-0.286172
18.130;0.497158;-0.267057
18.140;0.487237;-0.250034
18.150;0.480329;-0.234508
18.160;0.475379;-0.219875
18.170;0.471390;-0.205711
18.180;0.467426;-0.191937
18.190;0.462687;-0.178899
18.200;0.456645;-0.167340
18.210;0.449201;-0.158216
18.220;0.440780;-0.152423
18.230;0.432329;-0.150556
18.240;0.425193;-0.152797
18.250;0.420842;-0.158943
18.260;0.420531;-0.168524
18.270;0.424940;-0.180948
18.280;0.433946;-0.195604
18.290;0.446588;-0.211909
18.300;0.461261;-0.229273
18.310;0.476086;-0.247031
18.320;0.489375;-0.264375
18.330;0.500114;-0.280330
18.340;0.508380;-0.293756
18.350;0.515573;-0.303369
18.360;0.524334;-0.307795
18.370;0.538073;-0.305681
18.380;0.560154;-0.295950
18.390;0.592890;-0.278158
18.400;0.636651;-0.252899
18.410;0.689397;-0.222056
18.420;0.746852;-0.188742
18.430;0.803325;-0.156858
18.440;0.852954;-0.130363
18.450;0.891019;-0.112480
18.460;0.914928;-0.105069
18.470;0.924613;-0.108386
18.480;0.922245;-0.121266
18.490;0.911360;-0.141645
18.500;0.895705;-0.167188
18.510;0.878143;-0.195808
18.520;0.859966;-0.225948
18.530;0.840751;-0.256645
18.540;0.818761;-0.287451
18.550;0.791665;-0.318318
18.560;0.757347;-0.349483
18.570;0.714591;-0.381376
18.580;0.663504;-0.414518
18.590;0.605647;-0.449391
18.600;0.543869;-0.486270
18.610;0.481928;-0.525047
18.620;0.423966;-0.565111
18.630;0.373926;-0.605332
18.640;0.334985;-0.644207
18.650;0.309089;-0.680118
18.660;0.296726;-0.711645
18.670;0.297016;-0.737827
18.680;0.308113;-0.758287
18.690;0.327774;-0.773178
18.700;0.353897;-0.782975
18.710;0.384844;-0.788214
18.720;0.419443;-0.789307
18.730;0.456721;-0.786547
18.740;0.495513;-0.780324
18.750;0.534158;-0.771424
18.760;0.570449;-0.761240
18.770;0.601891;-0.751702
18.780;0.626202;-0.744879
18.790;0.641886;-0.742391
18.800;0.648654;-0.744886
18.810;0.647503;-0.751832
18.820;0.640372;-0.761693
18.830;0.629517;-0.772403
18.840;0.616830;-0.781936
18.850;0.603396;-0.788783
18.860;0.589430;-0.792225
18.870;0.574560;-0.792339
18.880;0.558282;-0.789772
18.890;0.540377;-0.785367
18.900;0.521161;-0.779801
18.910;0.501531;-0.773409
18.920;0.482852;-0.766248
18.930;0.466762;-0.758338
18.940;0.454967;-0.749897
18.950;0.449044;-0.741426
18.960;0.450264;-0.733601
18.970;0.459395;-0.727028
18.980;0.476493;-0.722017
18.990;0.500716;-0.718496
19.000;0.530273;-0.716092
19.010;0.562600;-0.714336
19.020;0.594806;-0.712834
19.030;0.624276;-0.711315
19.040;0.649214;-0.709558
19.050;0.668898;-0.707295
19.060;0.683552;-0.704216
19.070;0.693913;-0.700104
19.080;0.700731;-0.695062
19.090;0.704416;-0.689696
19.100;0.704944;-0.685153
19.110;0.701982;-0.682952
19.120;0.695137;-0.684662
19.130;0.684191;-0.691523
19.140;0.669244;-0.704128
19.150;0.650761;-0.722301
19.160;0.629522;-0.745202
19.170;0.606528;-0.771610
19.180;0.582905;-0.800261
19.190;0.559844;-0.830125
19.200;0.538559;-0.860554
19.210;0.520261;-0.891317
19.220;0.506058;-0.922509
19.230;0.496789;-0.954377
19.240;0.492813;-0.987124
19.250;0.493876;-1.020742
19.260;0.499130;-1.054928
19.270;0.507359;-1.089089
19.280;0.517329;-1.122437
19.290;0.528144;-1.154154
19.300;0.539435;-1.183567
19.310;0.551296;-1.210300
19.320;0.564019;-1.234330
19.330;0.577796;-1.255945
19.340;0.592576;-1.275616
19.350;0.608165;-1.293791
19.360;0.624487;-1.310678
19.370;0.641845;-1.326069
19.380;0.661028;-1.339274
19.390;0.683226;-1.349203
19.400;0.709803;-1.354616
19.410;0.742028;-1.354508
19.420;0.780820;-1.348511
19.430;0.826582;-1.337168
19.440;0.879131;-1.321908
19.450;0.937783;-1.304692
19.460;1.001523;-1.287448
19.470;1.069201;-1.271534
19.480;1.139661;-1.257474
19.490;1.211786;-1.245057
19.500;1.284490;-1.233712
19.510;1.356705;-1.222942
19.520;1.427387;-1.212595
19.530;1.495591;-1.202873
19.540;1.560565;-1.194146
19.550;1.621826;-1.186731
19.560;1.679133;-1.180779
19.570;1.732331;-1.176349
19.580;1.781129;-1.173622
19.590;1.824894;-1.173099
19.600;1.862627;-1.175646
19.610;1.893151;-1.182309
19.620;1.915499;-1.193972
19.630;1.929334;-1.210967
19.640;1.935162;-1.232832
19.650;1.934217;-1.258350
19.660;1.928055;-1.285901
19.670;1.918039;-1.314015
19.680;1.904956;-1.341865
19.690;1.888914;-1.369473
19.700;1.869527;-1.397552
19.710;1.846321;-1.427063
19.720;1.819211;-1.458701
19.730;1.788916;-1.492504
19.740;1.757118;-1.527706
19.750;1.726303;-1.562898
19.760;1.699260;-1.596424
19.770;1.678443;-1.626874
19.780;1.665408;-1.653505
19.790;1.660548;-1.676437
19.800;1.663170;-1.696583
19.810;1.671815;-1.715358
19.820;1.684673;-1.734291
19.830;1.699927;-1.754659
19.840;1.715959;-1.777243
19.850;1.731410;-1.802199
19.860;1.745202;-1.829045
19.870;1.756586;-1.856755
19.880;1.765232;-1.883937
19.890;1.771281;-1.909091
19.900;1.775272;-1.930920
19.910;1.777939;-1.948638
19.920;1.779935;-1.962187
19.930;1.781617;-1.972268
19.940;1.782952;-1.980157
19.950;1.783549;-1.987342
19.960;1.782772;-1.995113
19.970;1.779864;-2.004207
19.980;1.774074;-2.014636
19.990;1.764780;-2.025752
20.000;1.751589;-2.036569
20.010;1.734383;-2.046244
20.020;1.713282;-2.054562
20.030;1.688554;-2.062174
20.040;1.660553;-2.070469
20.050;1.629716;-2.081088
20.060;1.596609;-2.095288
20.070;1.561961;-2.113434
20.080;1.526647;-2.134796
20.090;1.491610;-2.157721
20.100;1.457758;-2.180081
20.110;1.425844;-2.199861
20.120;1.396365;-2.215669
20.130;1.369492;-2.227052
20.140;1.345057;-2.234544
20.150;1.322627;-2.239533
20.160;1.301649;-2.244011
20.170;1.281643;-2.250264
20.180;1.262354;-2.260490
20.190;1.243845;-2.276360
20.200;1.226493;-2.298617
20.210;1.210919;-2.326845
20.220;1.197833;-2.359545
20.230;1.187843;-2.394544
20.240;1.181242;-2.429627
20.250;1.177870;-2.463190
20.260;1.177085;-2.494680
20.270;1.177890;-2.524664
20.280;1.179170;-2.554528
20.290;1.179966;-2.585940
20.300;1.179661;-2.620306
20.310;1.178026;-2.658400
20.320;1.175099;-2.700272
20.330;1.170950;-2.745420
20.340;1.165472;-2.793132
20.350;1.158306;-2.842828
20.360;1.148977;-2.894245
20.370;1.137148;-2.947373
20.380;1.122864;-3.002230
20.390;1.106635;-3.058635
20.400;1.089360;-3.116155
20.410;1.072140;-3.174232
20.420;1.056066;-3.232379
20.430;1.042066;-3.290282
20.440;1.030869;-3.347749
20.450;1.023052;-3.404522
20.460;1.019116;-3.460054
20.470;1.019524;-3.513388
20.480;1.024671;-3.563258
20.490;1.034808;-3.608416
20.500;1.049937;-3.648102
20.510;1.069710;-3.682417
20.520;1.093367;-3.712419
20.530;1.119776;-3.739871
20.540;1.147586;-3.766759
20.550;1.175478;-3.794755
20.560;1.202425;-3.824833
20.570;1.227869;-3.857102
20.580;1.251768;-3.890901
20.590;1.274500;-3.925048
20.600;1.296682;-3.958136
20.610;1.318990;-3.988787
20.620;1.342023;-4.015823
20.630;1.366195;-4.038367
20.640;1.391632;-4.055854
20.650;1.418090;-4.067955
20.660;1.444946;-4.074407
20.670;1.471300;-4.074853
20.680;1.496159;-4.068771
20.690;1.518634;-4.055584
20.700;1.538068;-4.034910
20.710;1.554096;-4.006852
20.720;1.566666;-3.972163
20.730;1.576053;-3.932212
20.740;1.582874;-3.888753
20.750;1.588109;-3.843533
20.760;1.593080;-3.797861
20.770;1.599384;-3.752283
20.780;1.608750;-3.706479
20.790;1.622845;-3.659400
20.800;1.643054;-3.609565
20.810;1.670275;-3.555406
20.820;1.704773;-3.495575
20.830;1.746137;-3.429211
20.840;1.793374;-3.356138
20.850;1.845098;-3.277020
20.860;1.899776;-3.193403
20.870;1.955967;-3.107584
20.880;2.012506;-3.022277
20.890;2.068614;-2.940133
20.900;2.123899;-2.863286
20.910;2.178256;-2.793078
20.920;2.231705;-2.730075
20.930;2.284214;-2.674320
20.940;2.335545;-2.625683
20.950;2.385112;-2.584101
20.960;2.431867;-2.549623
20.970;2.474261;-2.522258
20.980;2.510349;-2.501755
20.990;2.538064;-2.487463
21.000;2.555610;-2.478329
21.010;2.561847;-2.473020
21.020;2.556552;-2.470064
21.030;2.540518;-2.467959
21.040;2.515463;-2.465185
21.050;2.483796;-2.460184
21.060;2.448250;-2.451362
21.070;2.411459;-2.437193
21.080;2.375564;-2.416419
21.090;2.341981;-2.388280
21.100;2.311379;-2.352647
21.110;2.283849;-2.310005
21.120;2.259187;-2.261318
21.130;2.237182;-2.207827
21.140;2.217839;-2.150827
21.150;2.201486;-2.091428
21.160;2.188745;-2.030336
21.170;2.180402;-1.967714
21.180;2.177210;-1.903188
21.190;2.179696;-1.836025
21.200;2.188008;-1.765408
21.210;2.201858;-1.690718
21.220;2.220569;-1.611710
21.230;2.243251;-1.528576
21.240;2.269020;-1.441895
21.250;2.297201;-1.352498
21.260;2.327399;-1.261310
21.270;2.359413;-1.169204
21.280;2.393053;-1.076966
21.290;2.427973;-0.985379
21.300;2.463559;-0.895373
21.310;2.498896;-0.808172
21.320;2.532743;-0.725372
21.330;2.563557;-0.648899
21.340;2.589580;-0.580852
21.350;2.609048;-0.523226
21.360;2.620483;-0.477555
21.370;2.622996;-0.444547
21.380;2.616522;-0.423827
21.390;2.601883;-0.413884
21.400;2.580630;-0.412283
21.410;2.554658;-0.416105
21.420;2.525669;-0.422486
21.430;2.494653;-0.429085
21.440;2.461530;-0.434301
21.450;2.425088;-0.437199
21.460;2.383192;-0.437228
21.470;2.333235;-0.433924
21.480;2.272710;-0.426776
21.490;2.199850;-0.415321
21.500;2.114228;-0.399363
21.510;2.017230;-0.379174
21.520;1.912238;-0.355518
21.530;1.804374;-0.329493
21.540;1.699752;-0.302247
21.550;1.604343;-0.274710
21.560;1.522799;-0.247419
21.570;1.457611;-0.220523
21.580;1.408872;-0.193939
21.590;1.374640;-0.167598
21.600;1.351683;-0.141669
21.610;1.336316;-0.116656
21.620;1.325092;-0.093348
21.630;1.315279;-0.072650
21.640;1.305091;-0.055347
21.650;1.293741;-0.041890
21.660;1.281321;-0.032269
21.670;1.268583;-0.025997
21.680;1.256653;-0.022200
21.690;1.246703;-0.019788
21.700;1.239628;-0.017622
21.710;1.235776;-0.014655
21.720;1.234808;-0.010027
21.730;1.235747;-0.003104
21.740;1.237218;0.006544
21.750;1.237821;0.019215
21.760;1.236509;0.035196
21.770;1.232846;0.054850
21.780;1.227049;0.078586
21.790;1.219815;0.106693
21.800;1.212030;0.139075
21.810;1.204478;0.175060
21.820;1.197678;0.213408
21.830;1.191865;0.252564
21.840;1.187130;0.291034
21.850;1.183626;0.327715
21.860;1.181720;0.362043
21.870;1.182011;0.393917
21.880;1.185182;0.423504
21.890;1.191769;0.451041
21.900;1.201911;0.476736
21.910;1.215166;0.500774
21.920;1.230448;0.523348
21.930;1.246135;0.544667
21.940;1.260325;0.564909
21.950;1.271194;0.584141
21.960;1.277334;0.602235
21.970;1.277957;0.618850
21.980;1.272930;0.633544
21.990;1.262608;0.646000
22.000;1.247597;0.656309
22.010;1.228540;0.665144
22.020;1.206034;0.673752
22.030;1.180693;0.683706
22.040;1.153277;0.696535
22.050;1.124835;0.713357
22.060;1.096761;0.734654
22.070;1.070737;0.760239
22.080;1.048564;0.789372
22.090;1.031955;0.821019
22.100;1.022354;0.854137
22.110;1.020873;0.887926
22.120;1.028376;0.921935
22.130;1.045660;0.956033
22.140;1.073613;0.990277
22.150;1.113245;1.024744
22.160;1.165551;1.059360
22.170;1.231234;1.093732
22.180;1.310420;1.127011
22.190;1.402427;1.157846
22.200;1.505681;1.184466
22.210;1.617776;1.204919
22.220;1.735684;1.217444
22.230;1.856076;1.220947
22.240;1.975712;1.215457
22.250;2.091837;1.202389
22.260;2.202441;1.184420
22.270;2.306295;1.164930
22.280;2.402718;1.147131
22.290;2.491173;1.133169
22.300;2.570846;1.123509
22.310;2.640362;1.116859
22.320;2.697739;1.110638
22.330;2.740619;1.101816
22.340;2.766727;1.087825
22.350;2.774460;1.067245
22.360;2.763432;1.040079
22.370;2.734813;1.007560
22.380;2.691344;0.971590
22.390;2.636964;0.934045
22.400;2.576109;0.896237
22.410;2.512844;0.858767
22.420;2.450106;0.821768
22.430;2.389316;0.785329
22.440;2.330502;0.749839
22.450;2.272860;0.716085
22.460;2.215498;0.685066
22.470;2.158097;0.657641
22.480;2.101270;0.634141
22.490;2.046553;0.614122
22.500;1.996108;0.596384
22.510;1.952242;0.579284
22.520;1.916912;0.561268
22.530;1.891318;0.541405
22.540;1.875663;0.519752
22.550;1.869134;0.497381
22.560;1.870087;0.476067
22.570;1.876349;0.457728
22.580;1.885534;0.443797
22.590;1.895303;0.434739
22.600;1.903561;0.429874
22.610;1.908646;0.427578
22.620;1.909528;0.425778
22.630;1.905966;0.422540
22.640;1.898522;0.416524
22.650;1.888344;0.407143
22.660;1.876746;0.394464
22.670;1.864750;0.378965
22.680;1.852783;0.361305
22.690;1.840656;0.342184
22.700;1.827815;0.322301
22.710;1.813740;0.302397
22.720;1.798315;0.283305
22.730;1.782082;0.265919
22.740;1.766307;0.251040
22.750;1.752869;0.239159
22.760;1.743975;0.230309
22.770;1.741773;0.224067
22.780;1.747954;0.219737
22.790;1.763460;0.216561
22.800;1.788367;0.213875
22.810;1.821980;0.211129
22.820;1.863076;0.207826
22.830;1.910230;0.203464
22.840;1.962097;0.197536
22.850;2.017560;0.189593
22.860;2.075716;0.179312
22.870;2.135742;0.166540
22.880;2.196759;0.151324
22.890;2.257792;0.133989
22.900;2.317864;0.115285
22.910;2.376139;0.096514
22.920;2.432006;0.079533
22.930;2.485037;0.066512
22.940;2.534866;0.059494
22.950;2.581093;0.059895
22.960;2.623316;0.068179
22.970;2.661281;0.083806
22.980;2.695062;0.105486
22.990;2.725150;0.131570
23.000;2.752409;0.160421
23.010;2.777894;0.190608
23.020;2.802660;0.220884
23.030;2.827613;0.250022
23.040;2.853429;0.276651
23.050;2.880505;0.299249
23.060;2.908909;0.316318
23.070;2.938333;0.326657
23.080;2.968103;0.329579
23.090;2.997251;0.324964
23.100;3.024654;0.313187
23.110;3.049251;0.294967
23.120;3.070289;0.271219
23.130;3.087562;0.242923
23.140;3.101515;0.211035
23.150;3.113181;0.176460
23.160;3.123898;0.140117
23.170;3.134895;0.103032
23.180;3.146871;0.066382
23.190;3.159726;0.031397
23.200;3.172550;-0.000865
23.210;3.183857;-0.029751
23.220;3.191931;-0.055130
23.230;3.195134;-0.077329
23.240;3.192103;-0.096942
23.250;3.181860;-0.114595
23.260;3.163934;-0.130751
23.270;3.138510;-0.145604
23.280;3.106542;-0.159087
23.290;3.069721;-0.170947
23.300;3.030198;-0.180855
23.310;2.990095;-0.188459
23.320;2.950988;-0.193395
23.330;2.913559;-0.195253
23.340;2.877604;-0.193540
23.350;2.842367;-0.187666
23.360;2.807046;-0.176962
23.370;2.771267;-0.160749
23.380;2.735365;-0.138447
23.390;2.700412;-0.109721
23.400;2.668003;-0.074637
23.410;2.639890;-0.033780
23.420;2.617561;0.011698
23.430;2.601891;0.060133
23.440;2.592924;0.109504
23.450;2.589846;0.157681
23.460;2.591105;0.202713
23.470;2.594665;0.243085
23.480;2.598324;0.277888
23.490;2.600025;0.306835
23.500;2.598156;0.330155
23.510;2.591766;0.348380
23.520;2.580665;0.362138
23.530;2.565390;0.371997
23.540;2.547005;0.378430
23.550;2.526791;0.381875
23.560;2.505903;0.382824
23.570;2.485095;0.381860
23.580;2.464574;0.379585
23.590;2.444001;0.376468
23.600;2.422627;0.372689
23.610;2.399516;0.368078
23.620;2.373795;0.362188
23.630;2.344891;0.354444
23.640;2.312682;0.344297
23.650;2.277546;0.331329
23.660;2.240327;0.315314
23.670;2.202239;0.296229
23.680;2.164721;0.274268
23.690;2.129241;0.249839
23.700;2.097061;0.223534
23.710;2.069000;0.196064
23.720;2.045287;0.168164
23.730;2.025543;0.140488
23.740;2.008927;0.113568
23.750;1.994374;0.087850
23.760;1.980865;0.063790
23.770;1.967609;0.041907
23.780;1.954096;0.022716
23.790;1.940020;0.006588
23.800;1.925126;-0.006387
23.810;1.909069;-0.016449
23.820;1.891322;-0.024131
23.830;1.871175;-0.030191
23.840;1.847832;-0.035520
23.850;1.820577;-0.041020
23.860;1.788977;-0.047417
23.870;1.753043;-0.055047
23.880;1.713297;-0.063676
23.890;1.670709;-0.072434
23.900;1.626524;-0.079912
23.910;1.582018;-0.084440
23.920;1.538280;-0.084476
23.930;1.496074;-0.078980
23.940;1.455825;-0.067640
23.950;1.417692;-0.050887
23.960;1.381696;-0.029744
23.970;1.347856;-0.005628
23.980;1.316304;0.019795
23.990;1.287360;0.044717
24.000;1.261506;0.067294
24.010;1.239266;0.085805
24.020;1.221023;0.098868
24.030;1.206854;0.105642
24.040;1.196433;0.105992
24.050;1.189048;0.100545
24.060;1.183739;0.090584
24.070;1.179534;0.077795
24.080;1.175723;0.063921
24.090;1.172079;0.050447
24.100;1.168912;0.038376
24.110;1.166921;0.028145
24.120;1.166861;0.019653
24.130;1.169166;0.012392
24.140;1.173654;0.005648
24.150;1.179441;-0.001269
24.160;1.185099;-0.008858
24.170;1.188983;-0.017381
24.180;1.189640;-0.026931
24.190;1.186159;-0.037552
24.200;1.178383;-0.049296
24.210;1.166922;-0.062179
24.220;1.152956;-0.076084
24.230;1.137894;-0.090669
24.240;1.123013;-0.105349
24.250;1.109194;-0.119369
24.260;1.096846;-0.131957
24.270;1.086012;-0.142494
24.280;1.076588;-0.150654
24.290;1.068511;-0.156462
24.300;1.061826;-0.160261
24.310;1.056606;-0.162614
24.320;1.052796;-0.164161
24.330;1.050110;-0.165490
24.340;1.048049;-0.167040
24.350;1.046046;-0.169079
24.360;1.043651;-0.171752
24.370;1.040660;-0.175170
24.380;1.037116;-0.179492
24.390;1.033204;-0.184936
24.400;1.029098;-0.191706
24.410;1.024816;-0.199860
24.420;1.020154;-0.209168
24.430;1.014694;-0.219071
24.440;1.007886;-0.228780
24.450;0.999174;-0.237519
24.460;0.988114;-0.244809
24.470;0.974474;-0.250655
24.480;0.958291;-0.255518
24.490;0.939916;-0.260103
24.500;0.920029;-0.265040
24.510;0.899613;-0.270610
24.520;0.879859;-0.276612
24.530;0.861963;-0.282403
24.540;0.846852;-0.287104
24.550;0.834921;-0.289889
24.560;0.825897;-0.290257
24.570;0.818929;-0.288189
24.580;0.812867;-0.284130
24.590;0.806623;-0.278821
24.600;0.799461;-0.273067
24.610;0.791119;-0.267534
24.620;0.781763;-0.262652
24.630;0.771816;-0.258634
24.640;0.761757;-0.255553
24.650;0.751933;-0.253443
24.660;0.742472;-0.252353
24.670;0.733271;-0.252364
24.680;0.724061;-0.253561
24.690;0.714498;-0.255999
24.700;0.704275;-0.259669
24.710;0.693192;-0.264478
24.720;0.681175;-0.270261
24.730;0.668235;-0.276799
24.740;0.654391;-0.283886
24.750;0.639613;-0.291401
24.760;0.623813;-0.299377
24.770;0.606897;-0.307996
24.780;0.588840;-0.317512
24.790;0.569771;-0.328101
24.800;0.550026;-0.339721
24.810;0.530186;-0.352023
24.820;0.511055;-0.364368
24.830;0.493598;-0.375944
24.840;0.478814;-0.385950
24.850;0.467549;-0.393815
24.860;0.460319;-0.399339
24.870;0.457206;-0.402706
24.880;0.457916;-0.404312
24.890;0.461960;-0.404494
24.900;0.468883;-0.403302
24.910;0.478413;-0.400452
24.920;0.490441;-0.395511
24.930;0.504865;-0.388213
24.940;0.521340;-0.378780
24.950;0.539106;-0.368074
24.960;0.556977;-0.357514
24.970;0.573543;-0.348789
24.980;0.587524;-0.343456
24.990;0.598094;-0.342577
25.000;0.605047;-0.346467
25.010;0.608729;-0.354600
25.020;0.609812;-0.365666
25.030;0.609014;-0.377785
25.040;0.606882;-0.388860
25.050;0.603702;-0.396985
25.060;0.599557;-0.400807
25.070;0.594458;-0.399726
25.080;0.588489;-0.393866
25.090;0.581858;-0.383887
25.100;0.574837;-0.370707
25.110;0.567635;-0.355251
25.120;0.560317;-0.338279
25.130;0.552808;-0.320326
25.140;0.544975;-0.301767
25.150;0.536712;-0.282971
25.160;0.527961;-0.264447
25.170;0.518679;-0.246897
25.180;0.508778;-0.231143
25.190;0.498124;-0.217945
25.200;0.486573;-0.207797
25.210;0.474025;-0.200755
25.220;0.460462;-0.196367
25.230;0.445968;-0.193723
25.240;0.430753;-0.191655
25.250;0.415145;-0.189003
25.260;0.399531;-0.184872
25.270;0.384227;-0.178805
25.280;0.369320;-0.170856
25.290;0.354545;-0.161576
25.300;0.339288;-0.151914
25.310;0.322753;-0.143021
25.320;0.304258;-0.136030
25.330;0.283545;-0.131870
25.340;0.260982;-0.131163
25.350;0.237582;-0.134196
25.360;0.214815;-0.140943
25.370;0.194269;-0.151118
25.380;0.177278;-0.164237
25.390;0.164632;-0.179691
25.400;0.156495;-0.196799
25.410;0.152563;-0.214831
25.420;0.152398;-0.233000
25.430;0.155764;-0.250490
25.440;0.162795;-0.266515
25.450;0.173889;-0.280450
25.460;0.189380;-0.291948
25.470;0.209147;-0.301021
25.480;0.232379;-0.308048
25.490;0.257629;-0.313709
25.500;0.283143;-0.318847
25.510;0.307311;-0.324253
25.520;0.329044;-0.330441
25.530;0.347924;-0.337518
25.540;0.364085;-0.345206
25.550;0.377910;-0.353023
25.560;0.389702;-0.360529
25.570;0.399492;-0.367537
25.580;0.407047;-0.374175
25.590;0.412060;-0.380798
25.600;0.414395;-0.387782
25.610;0.414259;-0.395317
25.620;0.412193;-0.403276
25.630;0.408894;-0.411218
25.640;0.404949;-0.418512
25.650;0.400632;-0.424547
25.660;0.395862;-0.428983
25.670;0.390341;-0.431940
25.680;0.383803;-0.434046
25.690;0.376253;-0.436303
25.700;0.368093;-0.439829
25.710;0.360075;-0.445598
25.720;0.353095;-0.454245
25.730;0.347894;-0.465991
25.740;0.344807;-0.480635
25.750;0.343682;-0.497611
25.760;0.344003;-0.516093
25.770;0.345150;-0.535126
25.780;0.346643;-0.553773
25.790;0.348241;-0.571267
25.800;0.349892;-0.587149
25.810;0.351605;-0.601362
25.820;0.353317;-0.614271
25.830;0.354835;-0.626552
25.840;0.355877;-0.638986
25.850;0.356196;-0.652226
25.860;0.355761;-0.666643
25.870;0.354882;-0.682307
25.880;0.354227;-0.699060
25.890;0.354669;-0.716634
25.900;0.357032;-0.734746
25.910;0.361840;-0.753157
25.920;0.369193;-0.771673
25.930;0.378808;-0.790106
25.940;0.390196;-0.808208
25.950;0.402865;-0.825669
25.960;0.416478;-0.842203
25.970;0.430928;-0.857716
25.980;0.446319;-0.872431
25.990;0.462889;-0.886887
26.000;0.480921;-0.901744
26.010;0.500667;-0.917494
26.020;0.522289;-0.934215
26.030;0.545781;-0.951499
26.040;0.570869;-0.968571
26.050;0.596917;-0.984546
26.060;0.622925;-0.998717
26.070;0.647660;-1.010757
26.080;0.669913;-1.020746
26.090;0.688772;-1.029013
26.100;0.703838;-1.035833
26.110;0.715315;-1.041120
26.120;0.723980;-1.044203
26.130;0.731053;-1.043801
26.140;0.737993;-1.038230
26.150;0.746216;-1.025831
26.160;0.756795;-1.005535
26.170;0.770159;-0.977386
26.180;0.785918;-0.942806
26.190;0.802863;-0.904466
26.200;0.819205;-0.865734
26.210;0.833016;-0.829867
26.220;0.842756;-0.799238
26.230;0.847705;-0.774877
26.240;0.848135;-0.756470
26.250;0.845165;-0.742743
26.260;0.840356;-0.732005
26.270;0.835221;-0.722637
26.280;0.830788;-0.713390
26.290;0.827353;-0.703474
26.300;0.824471;-0.692476
26.310;0.821176;-0.680223
26.320;0.816344;-0.666653
26.330;0.809084;-0.651757
26.340;0.799022;-0.635610
26.350;0.786411;-0.618441
26.360;0.772039;-0.600706
26.370;0.756970;-0.583102
26.380;0.742237;-0.566463
26.390;0.728577;-0.551577
26.400;0.716293;-0.539006
26.410;0.705260;-0.529010
26.420;0.695044;-0.521607
26.430;0.685078;-0.516683
26.440;0.674830;-0.514048
26.450;0.663910;-0.513402
26.460;0.652125;-0.514268
26.470;0.639504;-0.515969
26.480;0.626306;-0.517705
26.490;0.613031;-0.518691
26.500;0.600409;-0.518291
26.510;0.589378;-0.516096
26.520;0.581003;-0.511913
26.530;0.576333;-0.505722
26.540;0.576174;-0.497620
26.550;0.580867;-0.487799
26.560;0.590153;-0.476547
26.570;0.603225;-0.464276
26.580;0.618971;-0.451525
26.590;0.636333;-0.438912
26.600;0.654674;-0.427025
26.610;0.674017;-0.416285
26.620;0.695099;-0.406816
26.630;0.719213;-0.398414
26.640;0.747861;-0.390627
26.650;0.782299;-0.382939
26.660;0.823136;-0.374990
26.670;0.870092;-0.366747
26.680;0.922013;-0.358576
26.690;0.977096;-0.351196
26.700;1.033234;-0.345533
26.710;1.088363;-0.342501
26.720;1.140702;-0.342792
26.730;1.188857;-0.346717
26.740;1.231805;-0.354159
26.750;1.268839;-0.364639
26.760;1.299519;-0.377454
26.770;1.323710;-0.391855
26.780;1.341666;-0.407203
26.790;1.354143;-0.423056
26.800;1.362421;-0.439165
26.810;1.368205;-0.455398
26.820;1.373370;-0.471633
26.830;1.379659;-0.487666
26.840;1.388431;-0.503154
26.850;1.400562;-0.517619
26.860;1.416475;-0.530493
26.870;1.436241;-0.541244
26.880;1.459702;-0.549572
26.890;1.486567;-0.555623
26.900;1.516475;-0.560132
26.910;1.549006;-0.564406
26.920;1.583648;-0.570111
26.930;1.619723;-0.578891
26.940;1.656309;-0.591944
26.950;1.692224;-0.609687
26.960;1.726080;-0.631631
26.970;1.756427;-0.656498
26.980;1.781949;-0.682512
26.990;1.801653;-0.707767
27.000;1.815007;-0.730559
27.010;1.821965;-0.749616
27.020;1.822880;-0.764207
27.030;1.818326;-0.774159
27.040;1.808883;-0.779818
27.050;1.794932;-0.781995
27.060;1.776514;-0.781888
27.070;1.753283;-0.780963
27.080;1.724599;-0.780760
27.090;1.689739;-0.782650
27.100;1.648184;-0.787564
27.110;1.599886;-0.795797
27.120;1.545458;-0.806948
27.130;1.486230;-0.820056
27.140;1.424152;-0.833878
27.150;1.361579;-0.847231
27.160;1.300947;-0.859270
27.170;1.244432;-0.869634
27.180;1.193624;-0.878438
27.190;1.149318;-0.886130
27.200;1.111460;-0.893287
27.210;1.079256;-0.900402
27.220;1.051428;-0.907753
27.230;1.026555;-0.915379
27.240;1.003432;-0.923160
27.250;0.981373;-0.930931
27.260;0.960332;-0.938555
27.270;0.940784;-0.945890
27.280;0.923389;-0.952668
27.290;0.908577;-0.958390
27.300;0.896230;-0.962349
27.310;0.885592;-0.963831
27.320;0.875415;-0.962403
27.330;0.864236;-0.958126
27.340;0.850682;-0.951543
27.350;0.833746;-0.943443
27.360;0.812998;-0.934489
27.370;0.788766;-0.924916
27.380;0.762219;-0.914427
27.390;0.735297;-0.902322
27.400;0.710424;-0.887754
27.410;0.690041;-0.869976
27.420;0.676131;-0.848489
27.430;0.669891;-0.823071
27.440;0.671654;-0.793743
27.450;0.680999;-0.760727
27.460;0.696903;-0.724468
27.470;0.717856;-0.685695
27.480;0.741943;-0.645505
27.490;0.766994;-0.605392
27.500;0.790876;-0.567169
27.510;0.811888;-0.532758
27.520;0.829113;-0.503885
27.530;0.842567;-0.481753
27.540;0.853086;-0.466776
27.550;0.861989;-0.458439
27.560;0.870677;-0.455356
27.570;0.880291;-0.455494
27.580;0.891510;-0.456531
27.590;0.904502;-0.456237
27.600;0.918957;-0.452809
27.610;0.934140;-0.445109
27.620;0.948954;-0.432803
27.630;0.962033;-0.416410
27.640;0.971907;-0.397222
27.650;0.977243;-0.377063
27.660;0.977131;-0.357885
27.670;0.971307;-0.341318
27.680;0.960210;-0.328329
27.690;0.944874;-0.319114
27.700;0.926680;-0.313224
27.710;0.907087;-0.309834
27.720;0.887413;-0.308026
27.730;0.868711;-0.306976
27.740;0.851742;-0.306011
27.750;0.837000;-0.304565
27.760;0.824739;-0.302114
27.770;0.814949;-0.298150
27.780;0.807333;-0.292200
27.790;0.801318;-0.283865
27.800;0.796175;-0.272872
27.810;0.791179;-0.259165
27.820;0.785757;-0.243038
27.830;0.779525;-0.225285
27.840;0.772192;-0.207247
27.850;0.763385;-0.190670
27.860;0.752494;-0.177346
27.870;0.738641;-0.168646
27.880;0.720829;-0.165157
27.890;0.698208;-0.166538
27.900;0.670351;-0.171648
27.910;0.637416;-0.178850
27.920;0.600159;-0.186400
27.930;0.559818;-0.192792
27.940;0.517939;-0.196983
27.950;0.476185;-0.198465
27.960;0.436164;-0.197184
27.970;0.399262;-0.193369
27.980;0.366488;-0.187372
27.990;0.338339;-0.179560
28.000;0.314729;-0.170300
28.010;0.295027;-0.159988
28.020;0.278245;-0.149111
28.030;0.263335;-0.138323
28.040;0.249509;-0.128476
28.050;0.236476;-0.120580
28.060;0.224480;-0.115634
28.070;0.214145;-0.114376
28.080;0.206153;-0.117042
28.090;0.200900;-0.123264
28.100;0.198267;-0.132168
28.110;0.197607;-0.142673
28.120;0.197929;-0.153862
28.130;0.198181;-0.165270
28.140;0.197470;-0.176964
28.150;0.195157;-0.189370
28.160;0.190817;-0.202961
28.170;0.184164;-0.217944
28.180;0.175010;-0.234128
28.190;0.163324;-0.251006
28.200;0.149344;-0.267958
28.210;0.133672;-0.284448
28.220;0.117298;-0.300129
28.230;0.101523;-0.314862
28.240;0.087808;-0.328659
28.250;0.077547;-0.341604
28.260;0.071835;-0.353745
28.270;0.071273;-0.365024
28.280;0.075893;-0.375280
28.290;0.085181;-0.384326
28.300;0.098171;-0.392064
28.310;0.113550;-0.398557
28.320;0.129760;-0.404050
28.330;0.145142;-0.408906
28.340;0.158152;-0.413522
28.350;0.167637;-0.418234
28.360;0.173083;-0.423255
28.370;0.174716;-0.428666
28.380;0.173379;-0.434445
28.390;0.170244;-0.440508
28.400;0.166425;-0.446730
28.410;0.162640;-0.452940
28.420;0.159014;-0.458923
28.430;0.155078;-0.464428
28.440;0.149981;-0.469189
28.450;0.142820;-0.472958
28.460;0.132973;-0.475523
28.470;0.120307;-0.476743
28.480;0.105196;-0.476604
28.490;0.088367;-0.475292
28.500;0.070679;-0.473238
28.510;0.052938;-0.471101
28.520;0.035840;-0.469635
28.530;0.020031;-0.469477
28.540;0.006203;-0.470897
28.550;-0.004868;-0.473632
28.560;-0.012424;-0.476871
28.570;-0.015920;-0.479424
28.580;-0.015266;-0.480052
28.590;-0.010992;-0.477811
28.600;-0.004259;-0.472282
28.610;0.003324;-0.463609
28.620;0.010047;-0.452374
28.630;0.014475;-0.439431
28.640;0.015725;-0.425749
28.650;0.013527;-0.412278
28.660;0.008075;-0.399836
28.670;-0.000247;-0.389039
28.680;-0.011108;-0.380253
28.690;-0.024315;-0.373585
28.700;-0.039737;-0.368875
28.710;-0.057121;-0.365688
28.720;-0.075927;-0.363349
28.730;-0.095269;-0.361051
28.740;-0.113990;-0.358039
28.750;-0.130877;-0.353805
28.760;-0.144941;-0.348216
28.770;-0.155684;-0.341528
28.780;-0.163248;-0.334273
28.790;-0.168395;-0.327065
28.800;-0.172320;-0.320397
28.810;-0.176335;-0.314501
28.820;-0.181525;-0.309351
28.830;-0.188482;-0.304757
28.840;-0.197197;-0.300500
28.850;-0.207161;-0.296401
28.860;-0.217601;-0.292339
28.870;-0.227777;-0.288224
28.880;-0.237190;-0.283977
28.890;-0.245682;-0.279506
28.900;-0.253395;-0.274725
28.910;-0.260677;-0.269609
28.920;-0.267982;-0.264301
28.930;-0.275797;-0.259189
28.940;-0.284560;-0.254886
28.950;-0.294549;-0.252105
28.960;-0.305739;-0.251491
28.970;-0.317691;-0.253472
28.980;-0.329527;-0.258181
28.990;-0.340046;-0.265425
29.000;-0.347950;-0.274688
29.010;-0.352130;-0.285165
29.020;-0.351879;-0.295840
29.030;-0.346979;-0.305597
29.040;-0.337632;-0.313378
29.050;-0.324287;-0.318375
29.060;-0.307466;-0.320223
29.070;-0.287671;-0.319109
29.080;-0.265421;-0.315760
29.090;-0.241372;-0.311285
29.100;-0.216416;-0.306917
29.110;-0.191642;-0.303723
29.120;-0.168182;-0.302375
29.130;-0.146990;-0.303057
29.140;-0.128653;-0.305519
29.150;-0.113292;-0.309229
29.160;-0.100573;-0.313540
29.170;-0.089839;-0.317820
29.180;-0.080345;-0.321532
29.190;-0.071503;-0.324301
29.200;-0.063048;-0.325976
29.210;-0.055032;-0.326656
29.220;-0.047671;-0.326654
29.230;-0.041088;-0.326408
29.240;-0.035112;-0.326379
29.250;-0.029240;-0.326974
29.260;-0.022792;-0.328505
29.270;-0.015205;-0.331188
29.280;-0.006304;-0.335162
29.290;0.003586;-0.340504
29.300;0.013724;-0.347233
29.310;0.023197;-0.355303
29.320;0.031196;-0.364614
29.330;0.037232;-0.375056
29.340;0.041216;-0.386583
29.350;0.043381;-0.399244
29.360;0.044120;-0.413138
29.370;0.043824;-0.428266
29.380;0.042817;-0.444384
29.390;0.041368;-0.460937
29.400;0.039729;-0.477145
29.410;0.038137;-0.492205
29.420;0.036750;-0.505502
29.430;0.035562;-0.516743
29.440;0.034312;-0.525960
29.450;0.032465;-0.533411
29.460;0.029271;-0.539446
29.470;0.023911;-0.544395
29.480;0.015721;-0.548499
29.490;0.004440;-0.551919
29.500;-0.009582;-0.554784
29.510;-0.025330;-0.557242
29.520;-0.041281;-0.559480
29.530;-0.055775;-0.561661
29.540;-0.067447;-0.563773
29.550;-0.075529;-0.565467
29.560;-0.079890;-0.566006
29.570;-0.080819;-0.564403
29.580;-0.078697;-0.559719
29.590;-0.073744;-0.551370
29.600;-0.065950;-0.539285
29.610;-0.055217;-0.523842
29.620;-0.041611;-0.505666
29.630;-0.025597;-0.485384
29.640;-0.008141;-0.463464
29.650;0.009381;-0.440193
29.660;0.025446;-0.415802
29.670;0.038720;-0.390698
29.680;0.048361;-0.365647
29.690;0.054203;-0.341789
29.700;0.056757;-0.320444
29.710;0.057050;-0.302772
29.720;0.056346;-0.289456
29.730;0.055850;-0.280548
29.740;0.056483;-0.275520
29.750;0.058782;-0.273496
29.760;0.062920;-0.273515
29.770;0.068801;-0.274746
29.780;0.076182;-0.276572
29.790;0.084776;-0.278568
29.800;0.094331;-0.280419
29.810;0.104705;-0.281827
29.820;0.115905;-0.282463
29.830;0.128094;-0.282001
29.840;0.141529;-0.280229
29.850;0.156453;-0.277217
29.860;0.172964;-0.273426
29.870;0.190905;-0.269689
29.880;0.209814;-0.267020
29.890;0.228981;-0.266322
29.900;0.247615;-0.268079
29.910;0.265056;-0.272171
29.920;0.280968;-0.277871
29.930;0.295402;-0.284023
29.940;0.308719;-0.289352
29.950;0.321379;-0.292790
29.960;0.333683;-0.293734
29.970;0.345580;-0.292128
29.980;0.356627;-0.288380
29.990;0.366128;-0.283178
30.000;0.373369;-0.277309
30.010;0.377851;-0.271537
30.020;0.379430;-0.266542
30.030;0.378313;-0.262862
30.040;0.374922;-0.260810
30.050;0.369697;-0.260409
30.060;0.362944;-0.261370
30.070;0.354826;-0.263161
30.080;0.345550;-0.265133
30.090;0.335634;-0.266687
30.100;0.326069;-0.267458
30.110;0.318241;-0.267439
30.120;0.313560;-0.267014
30.130;0.312961;-0.266854
30.140;0.316507;-0.267725
30.150;0.323285;-0.270277
30.160;0.331649;-0.274884
30.170;0.339697;-0.281590
30.180;0.345805;-0.290171
30.190;0.349047;-0.300292
30.200;0.349379;-0.311663
30.210;0.347562;-0.324089
30.220;0.344851;-0.337405
30.230;0.342539;-0.351349
30.240;0.341507;-0.365486
30.250;0.341915;-0.379282
30.260;0.343172;-0.392292
30.270;0.344172;-0.404353
30.280;0.343710;-0.415684
30.290;0.340911;-0.426831
30.300;0.335538;-0.438496
30.310;0.328098;-0.451322
30.320;0.319734;-0.465734
30.330;0.311929;-0.481890
30.340;0.306097;-0.499761
30.350;0.303219;-0.519268
30.360;0.303645;-0.540375
30.370;0.307149;-0.563101
30.380;0.313184;-0.587442
30.390;0.321217;-0.613260
30.400;0.330994;-0.640172
30.410;0.342603;-0.667497
30.420;0.356319;-0.694287
30.430;0.372315;-0.719489
30.440;0.390402;-0.742160
30.450;0.409935;-0.761669
30.460;0.429926;-0.777793
30.470;0.449287;-0.790692
30.480;0.467073;-0.800771
30.490;0.482618;-0.808499
30.500;0.495574;-0.814260
30.510;0.505859;-0.818282
30.520;0.513616;-0.820675
30.530;0.519190;-0.821522
30.540;0.523130;-0.820946
30.550;0.526184;-0.819109
30.560;0.529237;-0.816106
30.570;0.533230;-0.811811
30.580;0.539072;-0.805727
30.590;0.547586;-0.796980
30.600;0.559448;-0.784517
30.610;0.575116;-0.767475
30.620;0.594709;-0.745572
30.630;0.617885;-0.719375
30.640;0.643762;-0.690312
30.650;0.670957;-0.660417
30.660;0.697768;-0.631853
30.670;0.722477;-0.606354
30.680;0.743699;-0.584776
30.690;0.760654;-0.566932
30.700;0.773291;-0.551780
30.710;0.782227;-0.537878
30.720;0.788533;-0.523899
30.730;0.793431;-0.508995
30.740;0.797981;-0.492899
30.750;0.802847;-0.475815
30.760;0.808173;-0.458195
30.770;0.813616;-0.440501
30.780;0.818479;-0.423047
30.790;0.821929;-0.405960
30.800;0.823233;-0.389284
30.810;0.821957;-0.373146
30.820;0.818093;-0.357882
30.830;0.812052;-0.344012
30.840;0.804535;-0.332039
30.850;0.796364;-0.322176
30.860;0.788333;-0.314124
30.870;0.781157;-0.307049
30.880;0.775469;-0.299795
30.890;0.771825;-0.291235
30.900;0.770688;-0.280618
30.910;0.772406;-0.267763
30.920;0.777178;-0.253065
30.930;0.785040;-0.237319
30.940;0.795848;-0.221467
30.950;0.809298;-0.206305
30.960;0.824957;-0.192250
30.970;0.842312;-0.179235
30.980;0.860829;-0.166765
30.990;0.880003;-0.154165
31.000;0.899420;-0.140896
31.010;0.918824;-0.126829
31.020;0.938172;-0.112324
31.030;0.957659;-0.098104
31.040;0.977643;-0.084972
31.050;0.998508;-0.073512
31.060;1.020491;-0.063901
31.070;1.043598;-0.055887
31.080;1.067654;-0.048909
31.090;1.092443;-0.042267
31.100;1.117851;-0.035270
31.110;1.143905;-0.027337
31.120;1.170719;-0.018069
31.130;1.198391;-0.007284
31.140;1.226939;0.004989
31.150;1.256299;0.018549
31.160;1.286373;0.033035
31.170;1.317130;0.047874
31.180;1.348689;0.062211
31.190;1.381352;0.074910
31.200;1.415531;0.084711
31.210;1.451618;0.090512
31.220;1.489818;0.091638
31.230;1.530034;0.087996
31.240;1.571812;0.080068
31.250;1.614391;0.068766
31.260;1.656827;0.055220
31.270;1.698163;0.040593
31.280;1.737591;0.025929
31.290;1.774560;0.012080
31.300;1.808837;-0.000335
31.310;1.840488;-0.010947
31.320;1.869776;-0.019655
31.330;1.896997;-0.026641
31.340;1.922298;-0.032368
31.350;1.945559;-0.037509
31.360;1.966397;-0.042812
31.370;1.984289;-0.048914
31.380;1.998783;-0.056177
31.390;2.009703;-0.064581
31.400;2.017265;-0.073692
31.410;2.022054;-0.082747
31.420;2.024868;-0.090864
31.430;2.026524;-0.097315
31.440;2.027708;-0.101749
31.450;2.028909;-0.104247
31.460;2.030422;-0.105202
31.470;2.032374;-0.105124
31.480;2.034775;-0.104463
31.490;2.037564;-0.103528
31.500;2.040655;-0.102522
31.510;2.043962;-0.101663
31.520;2.047403;-0.101266
31.530;2.050903;-0.101740
31.540;2.054442;-0.103505
31.550;2.058155;-0.106863
31.560;2.062436;-0.111932
31.570;2.067961;-0.118629
31.580;2.075570;-0.126686
31.590;2.086048;-0.135672
31.600;2.099871;-0.145014
31.610;2.117023;-0.154067
31.620;2.136971;-0.162276
31.630;2.158805;-0.169388
31.640;2.181510;-0.175632
31.650;2.204272;-0.181766
31.660;2.226715;-0.188910
31.670;2.248958;-0.198228
31.680;2.271492;-0.210562
31.690;2.294929;-0.226176
31.700;2.319740;-0.244694
31.710;2.346078;-0.265241
31.720;2.373732;-0.286722
31.730;2.402195;-0.308136
31.740;2.430779;-0.328798
31.750;2.458749;-0.348427
31.760;2.485435;-0.367071
31.770;2.510323;-0.384928
31.780;2.533120;-0.402169
31.790;2.553768;-0.418797
31.800;2.572416;-0.434594
31.810;2.589330;-0.449143
31.820;2.604799;-0.461944
31.830;2.619048;-0.472554
31.840;2.632228;-0.480715
31.850;2.644459;-0.486405
31.860;2.655929;-0.489811
31.870;2.666956;-0.491242
31.880;2.677955;-0.491040
31.890;2.689315;-0.489547
31.900;2.701216;-0.487112
31.910;2.713483;-0.484106
31.920;2.725551;-0.480858
31.930;2.736530;-0.477499
31.940;2.745380;-0.473761
31.950;2.751147;-0.468876
31.960;2.753225;-0.461678
31.970;2.751575;-0.450957
31.980;2.746805;-0.435933
31.990;2.740076;-0.416623
32.000;2.732810;-0.393924
32.010;2.726327;-0.369351
32.020;2.721500;-0.344558
32.030;2.718569;-0.320816
32.040;2.717140;-0.298677
32.050;2.716360;-0.277899
32.060;2.715218;-0.257621
32.070;2.712831;-0.236707
32.080;2.708667;-0.214095
32.090;2.702623;-0.189058
32.100;2.694978;-0.161279
32.110;2.686241;-0.130762
32.120;2.676960;-0.097646
32.130;2.667558;-0.062014
32.140;2.658253;-0.023815
32.150;2.649055;0.017092
32.160;2.639815;0.060765
32.170;2.630262;0.107005
32.180;2.620039;0.155271
32.190;2.608731;0.204736
32.200;2.595915;0.254444
32.210;2.581205;0.303478
32.220;2.564296;0.351095
32.230;2.544970;0.396789
32.240;2.523102;0.440323
32.250;2.498643;0.481727
32.260;2.471604;0.521275
32.270;2.442021;0.559449
32.280;2.409890;0.596855
32.290;2.375113;0.634104
32.300;2.337457;0.671663
32.310;2.296557;0.709723
32.320;2.251971;0.748119
32.330;2.203281;0.786297
32.340;2.150245;0.823338
32.350;2.092969;0.858049
32.360;2.032034;0.889143
32.370;1.968531;0.915486
32.380;1.903932;0.936336
32.390;1.839796;0.951496
32.400;1.777405;0.961305
32.410;1.717456;0.966509
32.420;1.659935;0.968068
32.430;1.604237;0.967026
32.440;1.549484;0.964461
32.450;1.494956;0.961474
32.460;1.440490;0.959118
32.470;1.386694;0.958282
32.480;1.334887;0.959577
32.490;1.286776;0.963305
32.500;1.243984;0.969531
32.510;1.207583;0.978227
32.520;1.177779;0.989398
32.530;1.153835;1.003163
32.540;1.134226;1.019730
32.550;1.116982;1.039347
32.560;1.100123;1.062262
32.570;1.082066;1.088721
32.580;1.061922;1.118982
32.590;1.039580;1.153307
32.600;1.015591;1.191885
32.610;0.990885;1.234733
32.620;0.966421;1.281624
32.630;0.942890;1.332161
32.640;0.920553;1.385973
32.650;0.899255;1.442938
32.660;0.878589;1.503302
32.670;0.858112;1.567610
32.680;0.837506;1.636471
32.690;0.816622;1.710261
32.700;0.795395;1.788858
32.710;0.773711;1.871527
32.720;0.751285;1.957016
32.730;0.727622;2.043835
32.740;0.702064;2.130589
32.750;0.673927;2.216207
32.760;0.642678;2.299992
32.770;0.608091;2.381520
32.780;0.570327;2.460500
32.790;0.529956;2.536667
32.800;0.487918;2.609738
32.810;0.445471;2.679396
32.820;0.404066;2.745265
32.830;0.365140;2.806889
32.840;0.329819;2.863727
32.850;0.298628;2.915234
32.860;0.271347;2.961000
32.870;0.247092;3.000911
32.880;0.224629;3.035220
32.890;0.202806;3.064507
32.900;0.180951;3.089521
32.910;0.159071;3.110980
32.920;0.137787;3.129421
32.930;0.118025;3.145111
32.940;0.100617;3.158024
32.950;0.085972;3.167857
32.960;0.073966;3.174127
32.970;0.064098;3.176369
32.980;0.055838;3.174399
32.990;0.049010;3.168525
33.000;0.043984;3.159596
33.010;0.041559;3.148841
33.020;0.042563;3.137543
33.030;0.047354;3.126692
33.040;0.055460;3.116765
33.050;0.065533;3.107721
33.060;0.075675;3.099221
33.070;0.083994;3.090919
33.080;0.089168;3.082713
33.090;0.090798;3.074877
33.100;0.089478;3.068066
33.110;0.086592;3.063249
33.120;0.083988;3.061589
33.130;0.083655;3.064286
33.140;0.087495;3.072381
33.150;0.097175;3.086542
33.160;0.113986;3.106859
33.170;0.138661;3.132721
33.180;0.171175;3.162829
33.190;0.210618;3.195349
33.200;0.255238;3.228195
33.210;0.302693;3.259374
33.220;0.350502;3.287306
33.230;0.396579;3.311044
33.240;0.439728;3.330351
33.250;0.479959;3.345642
33.260;0.518534;3.357829
33.270;0.557760;3.368111
33.280;0.600568;3.377759
33.290;0.649965;3.387904
33.300;0.708426;3.399336
33.310;0.777341;3.412344
33.320;0.856617;3.426624
33.330;0.944561;3.441336
33.340;1.038112;3.455325
33.350;1.133414;3.467438
33.360;1.226590;3.476784
33.370;1.314492;3.482830
33.380;1.395218;3.485306
33.390;1.468262;3.484023
33.400;1.534338;3.478700
33.410;1.594994;3.468882
33.420;1.652180;3.453924
33.430;1.707890;3.433077
33.440;1.763945;3.405616
33.450;1.821884;3.371003
33.460;1.882925;3.329016
33.470;1.947929;3.279817
33.480;2.017343;3.223951
33.490;2.091150;3.162319
33.500;2.168857;3.096148
33.510;2.249566;3.026950
33.520;2.332142;2.956420
33.530;2.415440;2.886206
33.540;2.498542;2.817571
33.550;2.580945;2.751014
33.560;2.662663;2.686005
33.570;2.744192;2.620965
33.580;2.826318;2.553544
33.590;2.909805;2.481144
33.600;2.995040;2.401519
33.610;3.081772;2.313277
33.620;3.169021;2.216163
33.630;3.255185;2.111091
33.640;3.338300;1.999976
33.650;3.416372;1.885409
33.660;3.487698;1.770274
33.670;3.551111;1.657380
33.680;3.606075;1.549140
33.690;3.652629;1.447314
33.700;3.691209;1.352838
33.710;3.722433;1.265732
33.720;3.746924;1.185170
33.730;3.765189;1.109729
33.740;3.777587;1.037835
33.750;3.784359;0.968273
33.760;3.785693;0.900614
33.770;3.781815;0.835411
33.780;3.773077;0.774082
33.790;3.760021;0.718521
33.800;3.743406;0.670556
33.810;3.724156;0.631448
33.820;3.703251;0.601604
33.830;3.681633;0.580596
33.840;3.660178;0.567435
33.850;3.639766;0.560965
33.860;3.621384;0.560212
33.870;3.606185;0.564530
33.880;3.595464;0.573538
33.890;3.590519;0.586904
33.900;3.592460;0.604153
33.910;3.602012;0.624590
33.920;3.619392;0.647403
33.930;3.644327;0.671867
33.940;3.676210;0.697555
33.950;3.714330;0.724416
33.960;3.758122;0.752650
33.970;3.807340;0.782430
33.980;3.862128;0.813635
33.990;3.922959;0.845771
34.000;3.990425;0.878145
34.010;4.064921;0.910217
34.020;4.146300;0.941930
34.030;4.233667;0.973823
34.040;4.325406;1.006817
34.050;4.419499;1.041775
34.060;4.513954;1.079001
34.070;4.607138;1.117941
34.080;4.697843;1.157189
34.090;4.785090;1.194836
34.100;4.867848;1.229032
34.110;4.944850;1.258600
34.120;5.014630;1.283471
34.130;5.075748;1.304775
34.140;5.127071;1.324485
34.150;5.167964;1.344724
34.160;5.198293;1.366984
34.170;5.218269;1.391583
34.180;5.228247;1.417573
34.190;5.228594;1.443107
34.200;5.219649;1.466118
34.210;5.201732;1.485065
34.220;5.175117;1.499488
34.230;5.139964;1.510197
34.240;5.096212;1.519025
34.250;5.043480;1.528257
34.260;4.981027;1.539957
34.270;4.907806;1.555422
34.280;4.822669;1.574923
34.290;4.724653;1.597744
34.300;4.613301;1.622496
34.310;4.488894;1.647557
34.320;4.352574;1.671516
34.330;4.206309;1.693445
34.340;4.052748;1.712967
34.350;3.894942;1.730129
34.360;3.735982;1.745223
34.370;3.578587;1.758691
34.380;3.424746;1.771191
34.390;3.275459;1.783746
34.400;3.130634;1.797842
34.410;2.989196;1.815256
34.420;2.849437;1.837583
34.430;2.709642;1.865552
34.440;2.568857;1.898408
34.450;2.427590;1.933698
34.460;2.288114;1.967633
34.470;2.154196;1.995997
34.480;2.030228;2.015264
34.490;1.920066;2.023496
34.500;1.825977;2.020686
34.510;1.748107;2.008510
34.520;1.684571;1.989700
34.530;1.632090;1.967368
34.540;1.586860;1.944461
34.550;1.545395;1.923416
34.560;1.505090;1.905922
34.570;1.464486;1.892737
34.580;1.423254;1.883587
34.590;1.382014;1.877224
34.600;1.342038;1.871703
34.610;1.304873;1.864830
34.620;1.271894;1.854624
34.630;1.243846;1.839615
34.640;1.220477;1.818879
34.650;1.200371;1.791881
34.660;1.181082;1.758282
34.670;1.159574;1.717887
34.680;1.132922;1.670789
34.690;1.099113;1.617646
34.700;1.057763;1.559901
34.710;1.010499;1.499781
34.720;0.960822;1.439972
34.730;0.913399;1.383047
34.740;0.872952;1.330832
34.750;0.843096;1.283949
34.760;0.825608;1.241699
34.770;0.820410;1.202321
34.780;0.826246;1.163502
34.790;0.841713;1.122927
34.800;0.866152;1.078739
34.810;0.900037;1.029811
34.820;0.944734;0.975818
34.830;1.001782;0.917158
34.840;1.072022;0.854774
34.850;1.154891;0.789958
34.860;1.248126;0.724163
34.870;1.347957;0.658843
34.880;1.449684;0.595351
34.890;1.548474;0.534893
34.900;1.640138;0.478519
34.910;1.721683;0.427071
34.920;1.791526;0.381097
34.930;1.849369;0.340772
34.940;1.895866;0.305910
34.950;1.932257;0.276101
34.960;1.960070;0.250927
34.970;1.980947;0.230140
34.980;1.996513;0.213703
34.990;2.008228;0.201683
35.000;2.017192;0.194069
35.010;2.023966;0.190649
35.020;2.028531;0.191012
35.030;2.030428;0.194706
35.040;2.029068;0.201435
35.050;2.024071;0.211217
35.060;2.015514;0.224402
35.070;2.004007;0.241534
35.080;1.990615;0.263070
35.090;1.976685;0.289056
35.100;1.963637;0.318901
35.110;1.952806;0.351378
35.120;1.945363;0.384897
35.130;1.942321;0.417957
35.140;1.944551;0.449583
35.150;1.952723;0.479566
35.160;1.967166;0.508404
35.170;1.987720;0.536987
35.180;2.013698;0.566187
35.190;2.044007;0.596519
35.200;2.077394;0.627994
35.210;2.112760;0.660203
35.220;2.149408;0.692534
35.230;2.187160;0.724413
35.240;2.226307;0.755426
35.250;2.267436;0.785267
35.260;2.311188;0.813558
35.270;2.358053;0.839663
35.280;2.408208;0.862589
35.290;2.461413;0.881048
35.300;2.516952;0.893669
35.310;2.573639;0.899289
35.320;2.629936;0.897220
35.330;2.684148;0.887398
35.340;2.734677;0.870355
35.350;2.780228;0.847089
35.360;2.819974;0.818913
35.370;2.853630;0.787354
35.380;2.881430;0.754118
35.390;2.903997;0.721021
35.400;2.922112;0.689833
35.410;2.936464;0.662041
35.420;2.947482;0.638616
35.430;2.955316;0.619903
35.440;2.959939;0.605686
35.450;2.961311;0.595362
35.460;2.959489;0.588113
35.470;2.954655;0.583040
35.480;2.947069;0.579257
35.490;2.936993;0.575995
35.500;2.924639;0.572727
35.510;2.910162;0.569242
35.520;2.893711;0.565651
35.530;2.875517;0.562311
35.540;2.855971;0.559713
35.550;2.835667;0.558374
35.560;2.815394;0.558751
35.570;2.796090;0.561203
35.580;2.778755;0.566020
35.590;2.764361;0.573545
35.600;2.753741;0.584299
35.610;2.747471;0.598993
35.620;2.745752;0.618348
35.630;2.748344;0.642765
35.640;2.754610;0.671990
35.650;2.763716;0.704956
35.660;2.774890;0.739911
35.670;2.787637;0.774780
35.680;2.801782;0.807612
35.690;2.817347;0.836934
35.700;2.834374;0.861920
35.710;2.852799;0.882383
35.720;2.872457;0.898661
35.730;2.893151;0.911462
35.740;2.914706;0.921716
35.750;2.936950;0.930447
35.760;2.959643;0.938663
35.770;2.982411;0.947258
35.780;3.004768;0.956920
35.790;3.026204;0.968059
35.800;3.046308;0.980794
35.810;3.064842;0.995018
35.820;3.081759;1.010540
35.830;3.097157;1.027256
35.840;3.111215;1.045259
35.850;3.124149;1.064859
35.860;3.136193;1.086525
35.870;3.147600;1.110754
35.880;3.158648;1.137914
35.890;3.169634;1.168080
35.900;3.180838;1.200913
35.910;3.192481;1.235645
35.920;3.204667;1.271191
35.930;3.217339;1.306389
35.940;3.230277;1.340278
35.950;3.243168;1.372346
35.960;3.255720;1.402669
35.970;3.267817;1.431897
35.980;3.279646;1.461094
35.990;3.291729;1.491449
36.000;3.304833;1.523955
36.010;3.319759;1.559109
36.020;3.337087;1.596773
36.030;3.356950;1.636246
36.040;3.378949;1.676556
36.050;3.402219;1.716829
36.060;3.425663;1.756585
36.070;3.448278;1.795790
36.080;3.469449;1.834711
36.090;3.489142;1.873666
36.100;3.507888;1.912815
36.110;3.526569;1.952029
36.120;3.546036;1.990822
36.130;3.566703;2.028331
36.140;3.588260;2.063343
36.150;3.609618;2.094413
36.160;3.629100;2.120085
36.170;3.644783;2.139182
36.180;3.654897;2.151096
36.190;3.658160;2.155962
36.200;3.653995;2.154663
36.210;3.642567;2.148609
36.220;3.624608;2.139363
36.230;3.601093;2.128224
36.240;3.572860;2.115927
36.250;3.540314;2.102544
36.260;3.503346;2.087600
36.270;3.461477;2.070278
36.280;3.414187;2.049653
36.290;3.361251;2.024877
36.300;3.302956;1.995349
36.310;3.240113;1.960819
36.320;3.173903;1.921441
36.330;3.105662;1.877772
36.340;3.036663;1.830749
36.350;2.967936;1.781645
36.360;2.900165;1.731969
36.370;2.833679;1.683290
36.380;2.768572;1.637026
36.390;2.704916;1.594293
36.400;2.642992;1.555869
36.410;2.583426;1.522241
36.420;2.527170;1.493710
36.430;2.475331;1.470444
36.440;2.428929;1.452475
36.450;2.388689;1.439632
36.460;2.354964;1.431456
36.470;2.327806;1.427144
36.480;2.307163;1.425560
36.490;2.293098;1.425362
36.500;2.285937;1.425272
36.510;2.286283;1.424431
36.520;2.294878;1.422708
36.530;2.312405;1.420807
36.540;2.339275;1.420084
36.550;2.375496;1.422083
36.560;2.420628;1.427948
36.570;2.473825;1.437915
36.580;2.533914;1.451095
36.590;2.599511;1.465638
36.600;2.669142;1.479196
36.610;2.741398;1.489505
36.620;2.815082;1.494856
36.630;2.889313;1.494295
36.640;2.963530;1.487550
36.650;3.037372;1.474778
36.660;3.110464;1.456291
36.670;3.182197;1.432389
36.680;3.251603;1.403313
36.690;3.317369;1.369316
36.700;3.378011;1.330796
36.710;3.432154;1.288443
36.720;3.478843;1.243336
36.730;3.517799;1.196951
36.740;3.549554;1.151031
36.750;3.575425;1.107336
36.760;3.597313;1.067346
36.770;3.617342;1.032013
36.780;3.637413;1.001634
36.790;3.658778;0.975891
36.800;3.681771;0.954036
36.810;3.705774;0.935144
36.820;3.729451;0.918340
36.830;3.751188;0.902942
36.840;3.769574;0.888493
36.850;3.783786;0.874761
36.860;3.793765;0.861688
36.870;3.800158;0.849359
36.880;3.804081;0.837959
36.890;3.806769;0.827793
36.900;3.809248;0.819350
36.910;3.812134;0.813379
36.920;3.815656;0.810890
36.930;3.819842;0.813014
36.940;3.824758;0.820716
36.950;3.830647;0.834504
36.960;3.837849;0.854231
36.970;3.846550;0.879086
36.980;3.856471;0.907758
36.990;3.866718;0.938672
37.000;3.875894;0.970221
37.010;3.882450;1.000919
37.020;3.885098;1.029475
37.030;3.883087;1.054806
37.040;3.876224;1.076069
37.050;3.864668;1.092717
37.060;3.848622;1.104588
37.070;3.828061;1.111961
37.080;3.802603;1.115516
37.090;3.771499;1.116170
37.100;3.733700;1.114821
37.110;3.687966;1.112069
37.120;3.633009;1.108017
37.130;3.567709;1.102259
37.140;3.491377;1.094110
37.150;3.404006;1.083014
37.160;3.306374;1.068980
37.170;3.199904;1.052849
37.180;3.086265;1.036289
37.190;2.966840;1.021519
37.200;2.842258;1.010818
37.210;2.712164;1.005954
37.220;2.575387;1.007645
37.230;2.430535;1.015183
37.240;2.276917;1.026339
37.250;2.115561;1.037680
37.260;1.949899;1.045320
37.270;1.785750;1.045999
37.280;1.630386;1.038143
37.290;1.490880;1.022456
37.300;1.372283;1.001727
37.310;1.276364;0.979864
37.320;1.201404;0.960619
37.330;1.143061;0.946554
37.340;1.095870;0.938648
37.350;1.054780;0.936542
37.360;1.016224;0.939142
37.370;0.978530;0.945226
37.380;0.941691;0.953799
37.390;0.906720;0.964091
37.400;0.874917;0.975314
37.410;0.847275;0.986354
37.420;0.824202;0.995648
37.430;0.805527;1.001341
37.440;0.790688;1.001676
37.450;0.778921;0.995444
37.460;0.769371;0.982288
37.470;0.761106;0.962730
37.480;0.753098;0.937904
37.490;0.744257;0.909145
37.500;0.733577;0.877612
37.510;0.720361;0.844126
37.520;0.704486;0.809231
37.530;0.686598;0.773386
37.540;0.668135;0.737142
37.550;0.651126;0.701179
37.560;0.637799;0.666201
37.570;0.630115;0.632750
37.580;0.629373;0.601034
37.590;0.636023;0.570868
37.600;0.649767;0.541767
37.610;0.669851;0.513183
37.620;0.695422;0.484800
37.630;0.725773;0.456783
37.640;0.760384;0.429840
37.650;0.798786;0.405049
37.660;0.840306;0.383488
37.670;0.883787;0.365835
37.680;0.927385;0.352125
37.690;0.968549;0.341768
37.700;1.004252;0.333808
37.710;1.031466;0.327268
37.720;1.047777;0.321433
37.730;1.051927;0.315981
37.740;1.044101;0.310954
37.750;1.025845;0.306604
37.760;0.999629;0.303205
37.770;0.968186;0.300929
37.780;0.933848;0.299880
37.790;0.898073;0.300256
37.800;0.861289;0.302541
37.810;0.823060;0.307540
37.820;0.782467;0.316166
37.830;0.738533;0.329010
37.840;0.690583;0.345886
37.850;0.638455;0.365568
37.860;0.582637;0.385881
37.870;0.524357;0.404153
37.880;0.465626;0.417892
37.890;0.409180;0.425446
37.900;0.358227;0.426416
37.910;0.315976;0.421665
37.920;0.284967;0.412934
37.930;0.266394;0.402244
37.940;0.259628;0.391319
37.950;0.262180;0.381248
37.960;0.270179;0.372498
37.970;0.279274;0.365171
37.980;0.285665;0.359299
37.990;0.286960;0.354981
38.000;0.282594;0.352275
38.010;0.273718;0.350933
38.020;0.262635;0.350164
38.030;0.251997;0.348591
38.040;0.244025;0.344453
38.050;0.239980;0.335979
38.060;0.240012;0.321783
38.070;0.243339;0.301154
38.080;0.248654;0.274145
38.090;0.254600;0.241450
38.100;0.260208;0.204099
38.110;0.265230;0.163081
38.120;0.270326;0.119049
38.130;0.277090;0.072251
38.140;0.287863;0.022726
38.150;0.305331;-0.029295
38.160;0.331941;-0.082998
38.170;0.369277;-0.136814
38.180;0.417596;-0.188609
38.190;0.475716;-0.236141
38.200;0.541285;-0.277615
38.210;0.611313;-0.312112
38.220;0.682743;-0.339752
38.230;0.752908;-0.361556
38.240;0.819773;-0.379055
38.250;0.881958;-0.393801
38.260;0.938600;-0.406936
38.270;0.989134;-0.418996
38.280;1.033110;-0.430000
38.290;1.070081;-0.439757
38.300;1.099600;-0.448187
38.310;1.121261;-0.455508
38.320;1.134745;-0.462194
38.330;1.139846;-0.468772
38.340;1.136512;-0.475574
38.350;1.124944;-0.482594
38.360;1.105716;-0.489478
38.370;1.079852;-0.495649
38.380;1.048787;-0.500496
38.390;1.014194;-0.503552
38.400;0.977737;-0.504608
38.410;0.940847;-0.503733
38.420;0.904632;-0.501215
38.430;0.869962;-0.497480
38.440;0.837650;-0.493014
38.450;0.808632;-0.488362
38.460;0.784020;-0.484163
38.470;0.765028;-0.481200
38.480;0.752810;-0.480390
38.490;0.748282;-0.482680
38.500;0.751999;-0.488879
38.510;0.764097;-0.499456
38.520;0.784304;-0.514395
38.530;0.811966;-0.533147
38.540;0.846054;-0.554756
38.550;0.885144;-0.578133
38.560;0.927419;-0.602387
38.570;0.970753;-0.627055
38.580;1.012959;-0.652094
38.590;1.052184;-0.677661
38.600;1.087319;-0.703824
38.610;1.118262;-0.730390
38.620;1.145861;-0.756981
38.630;1.171560;-0.783308
38.640;1.196890;-0.809471
38.650;1.223024;-0.836074
38.660;1.250545;-0.864047
38.670;1.279489;-0.894247
38.680;1.309579;-0.927040
38.690;1.340538;-0.962085
38.700;1.372323;-0.998369
38.710;1.405222;-1.034456
38.720;1.439784;-1.068803
38.730;1.476645;-1.100042
38.740;1.516330;-1.127174
38.750;1.559096;-1.149685
38.760;1.604876;-1.167584
38.770;1.653323;-1.181367
38.780;1.703921;-1.191914
38.790;1.756113;-1.200317
38.800;1.809341;-1.207693
38.810;1.862989;-1.215013
38.820;1.916274;-1.222955
38.830;1.968208;-1.231758
38.840;2.017698;-1.241098
38.850;2.063771;-1.250037
38.860;2.105812;-1.257130
38.870;2.143719;-1.260700
38.880;2.177898;-1.259234
38.890;2.209100;-1.251769
38.900;2.238167;-1.238104
38.910;2.265753;-1.218765
38.920;2.292135;-1.194710
38.930;2.317159;-1.166885
38.940;2.340359;-1.135795
38.950;2.361177;-1.101291
38.960;2.379201;-1.062664
38.970;2.394318;-1.019004
38.980;2.406747;-0.969689
38.990;2.416972;-0.914823
39.000;2.425657;-0.855485
39.010;2.433574;-0.793685
39.020;2.441561;-0.732003
39.030;2.450469;-0.672961
39.040;2.461083;-0.618343
39.050;2.474014;-0.568702
39.060;2.489613;-0.523269
39.070;2.507936;-0.480315
39.080;2.528768;-0.437822
39.090;2.551678;-0.394254
39.100;2.576063;-0.349154
39.110;2.601201;-0.303411
39.120;2.626297;-0.259094
39.130;2.650548;-0.218937
39.140;2.673189;-0.185632
39.150;2.693519;-0.161169
39.160;2.710926;-0.146409
39.170;2.724909;-0.141001
39.180;2.735106;-0.143618
39.190;2.741293;-0.152428
39.200;2.743377;-0.165609
39.210;2.741371;-0.181721
39.220;2.735368;-0.199836
39.230;2.725547;-0.219388
39.240;2.712188;-0.239892
39.250;2.695705;-0.260659
39.260;2.676671;-0.280661
39.270;2.655851;-0.298590
39.280;2.634236;-0.313080
39.290;2.613040;-0.322974
39.300;2.593637;-0.327506
39.310;2.577395;-0.326328
39.320;2.565465;-0.319409
39.330;2.558583;-0.306894
39.340;2.556987;-0.288998
39.350;2.560481;-0.265955
39.360;2.568621;-0.237983
39.370;2.580943;-0.205244
39.380;2.597171;-0.167814
39.390;2.617319;-0.125696
39.400;2.641698;-0.078884
39.410;2.670804;-0.027440
39.420;2.705143;0.028466
39.430;2.745065;0.088516
39.440;2.790669;0.152201
39.450;2.841796;0.218728
39.460;2.898086;0.286915
39.470;2.959074;0.355170
39.480;3.024276;0.421600
39.490;3.093209;0.484264
39.500;3.165334;0.541515
39.510;3.239937;0.592336
39.520;3.315994;0.636566
39.530;3.392144;0.674927
39.540;3.466814;0.708786
39.550;3.538531;0.739722
39.560;3.606305;0.769032
39.570;3.669923;0.797356
39.580;3.729972;0.824533
39.590;3.787582;0.849714
39.600;3.843939;0.871665
39.610;3.899790;0.889159
39.620;3.955102;0.901320
39.630;4.009011;0.907814
39.640;4.060073;0.908851
39.650;4.106706;0.905071
39.660;4.147677;0.897435
39.670;4.182468;0.887168
39.680;4.211441;0.875745
39.690;4.235740;0.864834
39.700;4.256992;0.856115
39.710;4.276899;0.850995
39.720;4.296858;0.850279
39.730;4.317716;0.853921
39.740;4.339713;0.860981
39.750;4.362612;0.869833
39.760;4.385955;0.878613
39.770;4.409329;0.885761
39.780;4.432568;0.890495
39.790;4.455820;0.893028
39.800;4.479478;0.894459
39.810;4.503971;0.896386
39.820;4.529501;0.900386
39.830;4.555831;0.907559
39.840;4.582228;0.918220
39.850;4.607595;0.931789
39.860;4.630711;0.946864
39.870;4.650458;0.961465
39.880;4.665947;0.973408
39.890;4.676522;0.980711
39.900;4.681711;0.981925
39.910;4.681197;0.976321
39.920;4.674848;0.963882
39.930;4.662770;0.945139
39.940;4.645312;0.920921
39.950;4.622983;0.892122
39.960;4.596275;0.859546
39.970;4.565504;0.823864
39.980;4.530747;0.785651
39.990;4.491923;0.745425
40.000;4.448945;0.703643
40.010;4.401835;0.660587
40.020;4.350745;0.616189
40.030;4.295878;0.569869
40.040;4.237393;0.520493
40.050;4.175344;0.466494
40.060;4.109713;0.406130
40.070;4.040493;0.337809
40.080;3.967782;0.260384
40.090;3.891800;0.173352
40.100;3.812835;0.076935
40.110;3.731161;-0.027932
40.120;3.647028;-0.139652
40.130;3.560792;-0.256048
40.140;3.473115;-0.374488
40.150;3.385104;-0.492084
40.160;3.298273;-0.606003
40.170;3.214288;-0.713835
40.180;3.134603;-0.813924
40.190;3.060112;-0.905511
40.200;2.990976;-0.988647
40.210;2.926692;-1.063904
40.220;2.866364;-1.132048
40.230;2.809055;-1.193803
40.240;2.754100;-1.249796
40.250;2.701280;-1.300680
40.260;2.650850;-1.347262
40.270;2.603445;-1.390512
40.280;2.559884;-1.431363
40.290;2.520905;-1.470375
40.300;2.486883;-1.507410
40.310;2.457650;-1.541481
40.320;2.432465;-1.570867
40.330;2.410168;-1.593480
40.340;2.389430;-1.607383
40.350;2.369037;-1.611287
40.360;2.348133;-1.604918
40.370;2.326362;-1.589162
40.380;2.303875;-1.565933
40.390;2.281183;-1.537808
40.400;2.258888;-1.507490
40.410;2.237383;-1.477285
40.420;2.216599;-1.448756
40.430;2.195897;-1.422650
40.440;2.174146;-1.399048
40.450;2.149967;-1.377601
40.460;2.122066;-1.357694
40.470;2.089490;-1.338457
40.480;2.051668;-1.318690
40.490;2.008150;-1.296846
40.500;1.958106;-1.271209
40.510;1.899792;-1.240259
40.520;1.830295;-1.203100
40.530;1.745816;-1.159757
40.540;1.642598;-1.111244
40.550;1.518346;-1.059382
40.560;1.373715;-1.006406
40.570;1.213305;-0.954422
40.580;1.045573;-0.904840
40.590;0.881435;-0.857945
40.600;0.731818;-0.812888
40.610;0.604988;-0.768174
40.620;0.504702;-0.722492
40.630;0.429863;-0.675477
40.640;0.375693;-0.628010
40.650;0.335797;-0.581943
40.660;0.304274;-0.539423
40.670;0.277240;-0.502148
40.680;0.253487;-0.470817
40.690;0.234320;-0.444893
40.700;0.222793;-0.422691
40.710;0.222597;-0.401732
40.720;0.236865;-0.379314
40.730;0.267154;-0.353173
40.740;0.312835;-0.322084
40.750;0.371014;-0.286225
40.760;0.436991;-0.247156
40.770;0.505090;-0.207375
40.780;0.569690;-0.169546
40.790;0.626193;-0.135632
40.800;0.671724;-0.106234
40.810;0.705408;-0.080354
40.820;0.728170;-0.055641
40.830;0.742138;-0.029012
40.840;0.749841;0.002569
40.850;0.753451;0.041367
40.860;0.754261;0.088377
40.870;0.752509;0.143129
40.880;0.747523;0.203797
40.890;0.738070;0.267539
40.900;0.722751;0.330965
40.910;0.700334;0.390639
40.920;0.669968;0.443547
40.930;0.631296;0.487472
40.940;0.584493;0.521229
40.950;0.530208;0.544711
40.960;0.469411;0.558730
40.970;0.403159;0.564673
40.980;0.332381;0.564063
40.990;0.257823;0.558158
41.000;0.180223;0.547729
41.010;0.100685;0.533126
41.020;0.021078;0.514643
41.030;-0.055796;0.493033
41.040;-0.126431;0.469936
41.050;-0.187297;0.447923
41.060;-0.235753;0.430037
41.070;-0.270830;0.418942
41.080;-0.293499;0.416087
41.090;-0.306257;0.421254
41.100;-0.312178;0.432697
41.110;-0.313773;0.447734
41.120;-0.312082;0.463544
41.130;-0.306248;0.477880
41.140;-0.293710;0.489517
41.150;-0.270918;0.498371
41.160;-0.234371;0.505327
41.170;-0.181681;0.511862
41.180;-0.112375;0.519581
41.190;-0.028244;0.529822
41.200;0.066853;0.543425
41.210;0.167635;0.560746
41.220;0.268321;0.581842
41.230;0.363624;0.606713
41.240;0.449600;0.635444
41.250;0.524248;0.668129
41.260;0.587746;0.704583
41.270;0.642289;0.743977
41.280;0.691494;0.784609
41.290;0.739474;0.823995
41.300;0.789757;0.859312
41.310;0.844346;0.888013
41.320;0.903181;0.908378
41.330;0.964155;0.919785
41.340;1.023665;0.922656
41.350;1.077512;0.918163
41.360;1.121912;0.907817
41.370;1.154344;0.893084
41.380;1.174062;0.875097
41.390;1.182190;0.854511
41.400;1.181405;0.831491
41.410;1.175293;0.805856
41.420;1.167575;0.777310
41.430;1.161432;0.745690
41.440;1.159100;0.711145
41.450;1.161830;0.674208
41.460;1.170129;0.635742
41.470;1.184137;0.596819
41.480;1.203929;0.558589
41.490;1.229600;0.522202
41.500;1.261121;0.488763
41.510;1.298072;0.459290
41.520;1.339459;0.434637
41.530;1.383727;0.415391
41.540;1.429009;0.401802
41.550;1.473484;0.393800
41.560;1.515697;0.391052
41.570;1.554686;0.392984
41.580;1.589898;0.398716
41.590;1.620943;0.406947
41.600;1.647324;0.415944
41.610;1.668296;0.423712
41.620;1.682937;0.428359
41.630;1.690399;0.428504
41.640;1.690246;0.423588
41.650;1.682739;0.413968
41.660;1.668968;0.400763
41.670;1.650762;0.385479
41.680;1.630407;0.369563
41.690;1.610241;0.354037
41.700;1.592258;0.339361
41.710;1.577813;0.325532
41.720;1.567504;0.312336
41.730;1.561251;0.299604
41.740;1.558546;0.287316
41.750;1.558785;0.275515
41.760;1.561574;0.264061
41.770;1.566920;0.252385
41.780;1.575267;0.239404
41.790;1.587376;0.223703
41.800;1.604078;0.203941
41.810;1.625964;0.179317
41.820;1.653094;0.149909
41.830;1.684860;0.116745
41.840;1.720047;0.081593
41.850;1.757076;0.046557
41.860;1.794321;0.013586
41.870;1.830391;-0.015969
41.880;1.864307;-0.041651
41.890;1.895550;-0.063972
41.900;1.923993;-0.084240
41.910;1.949721;-0.104160
41.920;1.972790;-0.125323
41.930;1.993013;-0.148740
41.940;2.009868;-0.174610
41.950;2.022568;-0.202357
41.960;2.030292;-0.230884
41.970;2.032498;-0.258915
41.980;2.029180;-0.285314
41.990;2.020965;-0.309326
42.000;2.008981;-0.330721
42.010;1.994541;-0.349823
42.020;1.978813;-0.367443
42.030;1.962598;-0.384725
42.040;1.946304;-0.402903
42.050;1.930091;-0.422982
42.060;1.914093;-0.445445
42.070;1.898605;-0.470119
42.080;1.884153;-0.496264
42.090;1.871398;-0.522862
42.100;1.860919;-0.548964
42.110;1.852977;-0.573964
42.120;1.847386;-0.597712
42.130;1.843534;-0.620448
42.140;1.840534;-0.642599
42.150;1.837432;-0.664545
42.160;1.833389;-0.686445
42.170;1.827814;-0.708202
42.180;1.820445;-0.729560
42.190;1.811385;-0.750231
42.200;1.801084;-0.769988
42.210;1.790241;-0.788641
42.220;1.779631;-0.805959
42.230;1.769894;-0.821602
42.240;1.761362;-0.835131
42.250;1.753996;-0.846134
42.260;1.747458;-0.854440
42.270;1.741315;-0.860321
42.280;1.735307;-0.864542
42.290;1.729580;-0.868197
42.300;1.724794;-0.872335
42.310;1.722039;-0.877537
42.320;1.722585;-0.883629
42.330;1.727553;-0.889642
42.340;1.737631;-0.894033
42.350;1.752922;-0.895101
42.360;1.772955;-0.891485
42.370;1.796851;-0.882616
42.380;1.823541;-0.868981
42.390;1.851992;-0.852097
42.400;1.881363;-0.834200
42.410;1.911103;-0.817715
42.420;1.940981;-0.804685
42.430;1.971060;-0.796311
42.440;2.001597;-0.792751
42.450;2.032897;-0.793199
42.460;2.065122;-0.796232
42.470;2.098113;-0.800300
42.480;2.131291;-0.804212
42.490;2.163662;-0.807440
42.500;2.193957;-0.810164
42.510;2.220805;-0.813033
42.520;2.242886;-0.816777
42.530;2.259020;-0.821840
42.540;2.268206;-0.828178
42.550;2.269676;-0.835290
42.560;2.262962;-0.842424
42.570;2.247992;-0.848899
42.580;2.225142;-0.854424
42.590;2.195213;-0.859292
42.600;2.159307;-0.864322
42.610;2.118654;-0.870526
42.620;2.074457;-0.878587
42.630;2.027825;-0.888404
42.640;1.979801;-0.898872
42.650;1.931425;-0.907996
42.660;1.883765;-0.913275
42.670;1.837835;-0.912263
42.680;1.794401;-0.903196
42.690;1.753738;-0.885490
42.700;1.715423;-0.859938
42.710;1.678285;-0.828477
42.720;1.640573;-0.793582
42.730;1.600319;-0.757526
42.740;1.555794;-0.721751
42.750;1.505873;-0.686528
42.760;1.450155;-0.650967
42.770;1.388837;-0.613371
42.780;1.322416;-0.571837
42.790;1.251390;-0.524973
42.800;1.176084;-0.472494
42.810;1.096649;-0.415465
42.820;1.013180;-0.356078
42.830;0.925842;-0.297012
42.840;0.834923;-0.240620
42.850;0.740786;-0.188235
42.860;0.643812;-0.139859
42.870;0.544394;-0.094286
42.880;0.443083;-0.049586
42.890;0.340825;-0.003731
42.900;0.239226;0.044829
42.910;0.140697;0.096764
42.920;0.048414;0.151700
42.930;-0.033979;0.208318
42.940;-0.102888;0.264673
42.950;-0.155410;0.318639
42.960;-0.189938;0.368355
42.970;-0.206558;0.412517
42.980;-0.207095;0.450466
42.990;-0.194795;0.482082
43.000;-0.173753;0.507584
43.010;-0.148285;0.527369
43.020;-0.122361;0.541931
43.030;-0.099170;0.551856
43.040;-0.080801;0.557826
43.050;-0.068056;0.560546
43.060;-0.060478;0.560558
43.070;-0.056659;0.557994
43.080;-0.054774;0.552403
43.090;-0.053212;0.542793
43.100;-0.051082;0.527910
43.110;-0.048460;0.506638
43.120;-0.046308;0.478330
43.130;-0.046141;0.442990
43.140;-0.049534;0.401331
43.150;-0.057618;0.354780
43.160;-0.070667;0.305436
43.170;-0.087879;0.255917
43.180;-0.107404;0.209038
43.190;-0.126604;0.167343
43.200;-0.142511;0.132639
43.210;-0.152357;0.105710
43.220;-0.154046;0.086334
43.230;-0.146436;0.073580
43.240;-0.129341;0.066249
43.250;-0.103287;0.063239
43.260;-0.069121;0.063674
43.270;-0.027633;0.066788
43.280;0.020684;0.071657
43.290;0.075676;0.077005
43.300;0.137420;0.081248
43.310;0.206021;0.082796
43.320;0.281405;0.080467
43.330;0.363148;0.073786
43.340;0.450371;0.063001
43.350;0.541665;0.048814
43.360;0.635088;0.031983
43.370;0.728254;0.013022
43.380;0.818546;-0.007867
43.390;0.903457;-0.030637
43.400;0.981000;-0.055156
43.410;1.050084;-0.080994
43.420;1.110747;-0.107351
43.430;1.164115;-0.133126
43.440;1.212081;-0.157132
43.450;1.256761;-0.178398
43.460;1.299910;-0.196442
43.470;1.342475;-0.211412
43.480;1.384412;-0.224055
43.490;1.424790;-0.235534
43.500;1.462097;-0.247176
43.510;1.494622;-0.260201
43.520;1.520790;-0.275479
43.530;1.539428;-0.293390
43.540;1.549939;-0.313839
43.550;1.552459;-0.336407
43.560;1.547953;-0.360609
43.570;1.538216;-0.386130
43.580;1.525698;-0.412937
43.590;1.513112;-0.441226
43.600;1.502913;-0.471282
43.610;1.496777;-0.503351
43.620;1.495263;-0.537609
43.630;1.497757;-0.574193
43.640;1.502679;-0.613229
43.650;1.507899;-0.654823
43.660;1.511233;-0.699040
43.670;1.510921;-0.745865
43.680;1.505971;-0.795134
43.690;1.496320;-0.846435
43.700;1.482802;-0.899011
43.710;1.466932;-0.951755
43.720;1.450530;-1.003354
43.730;1.435273;-1.052569
43.740;1.422304;-1.098551
43.750;1.412011;-1.141053
43.760;1.404056;-1.180432
43.770;1.397581;-1.217450
43.780;1.391507;-1.252983
43.790;1.384807;-1.287742
43.800;1.376718;-1.322071
43.810;1.366895;-1.355862
43.820;1.355515;-1.388567
43.830;1.343341;-1.419331
43.840;1.331661;-1.447173
43.850;1.322102;-1.471186
43.860;1.316332;-1.490686
43.870;1.315740;-1.505296
43.880;1.321208;-1.514981
43.890;1.332988;-1.520041
43.900;1.350708;-1.521048
43.910;1.373457;-1.518804
43.920;1.399912;-1.514316
43.930;1.428487;-1.508838
43.940;1.457476;-1.503897
43.950;1.485228;-1.501231
43.960;1.510359;-1.502585
43.970;1.531973;-1.509383
43.980;1.549854;-1.522389
43.990;1.564560;-1.541503
44.000;1.577360;-1.565776
44.010;1.589989;-1.593615
44.020;1.604234;-1.623119
44.030;1.621429;-1.652473
44.040;1.642049;-1.680309
44.050;1.665550;-1.705908
44.060;1.690558;-1.729176
44.070;1.715307;-1.750392
44.080;1.738136;-1.769882
44.090;1.757861;-1.787761
44.100;1.773915;-1.803877
44.110;1.786293;-1.817913
44.120;1.795393;-1.829572
44.130;1.801852;-1.838695
44.140;1.806434;-1.845266
44.150;1.809981;-1.849318
44.160;1.813384;-1.850856
44.170;1.817536;-1.849817
44.180;1.823257;-1.846120
44.190;1.831180;-1.839733
44.200;1.841662;-1.830762
44.210;1.854734;-1.819491
44.220;1.870106;-1.806349
44.230;1.887223;-1.791771
44.240;1.905324;-1.776030
44.250;1.923506;-1.759135
44.260;1.940789;-1.740894
44.270;1.956231;-1.721128
44.280;1.969066;-1.699947
44.290;1.978844;-1.677958
44.300;1.985459;-1.656271
44.310;1.989040;-1.636269
44.320;1.989728;-1.619173
44.330;1.987469;-1.605599
44.340;1.981939;-1.595280
44.350;1.972647;-1.587091
44.360;1.959208;-1.579352
44.370;1.941640;-1.570300
44.380;1.920583;-1.558543
44.390;1.897309;-1.543385
44.400;1.873517;-1.524916
44.410;1.850978;-1.503864
44.420;1.831162;-1.481262
44.430;1.814982;-1.458042
44.440;1.802717;-1.434742
44.450;1.794115;-1.411413
44.460;1.788592;-1.387771
44.470;1.785473;-1.363480
44.480;1.784178;-1.338432
44.490;1.784336;-1.312901
44.500;1.785805;-1.287501
44.510;1.788623;-1.263011
44.520;1.792948;-1.240124
44.530;1.798999;-1.219249
44.540;1.806998;-1.200412
44.550;1.817074;-1.183302
44.560;1.829106;-1.167445
44.570;1.842525;-1.152448
44.580;1.856155;-1.138212
44.590;1.868197;-1.125032
44.600;1.876404;-1.113516
44.610;1.878456;-1.104354
44.620;1.872438;-1.098009
44.630;1.857300;-1.094430
44.640;1.833188;-1.092916
44.650;1.801503;-1.092177
44.660;1.764641;-1.090602
44.670;1.725454;-1.086653
44.680;1.686629;-1.079275
44.690;1.650206;-1.068190
44.700;1.617405;-1.053972
44.710;1.588743;-1.037884
44.720;1.564340;-1.021520
44.730;1.544205;-1.006364
44.740;1.528412;-0.993401
44.750;1.517133;-0.982894
44.760;1.510604;-0.974389
44.770;1.509096;-0.966928
44.780;1.512877;-0.959369
44.790;1.522187;-0.950730
44.800;1.537199;-0.940464
44.810;1.557990;-0.928613
44.820;1.584518;-0.915790
44.830;1.616598;-0.902973
44.840;1.653853;-0.891209
44.850;1.695667;-0.881322
44.860;1.741149;-0.873733
44.870;1.789143;-0.868442
44.880;1.838308;-0.865122
44.890;1.887272;-0.863297
44.900;1.934821;-0.862543
44.910;1.980075;-0.862651
44.920;2.022598;-0.863705
44.930;2.062369;-0.866010
44.940;2.099625;-0.869901
44.950;2.134616;-0.875509
44.960;2.167361;-0.882599
44.970;2.197495;-0.890559
44.980;2.224289;-0.898541
44.990;2.246829;-0.905674
45.000;2.264303;-0.911273
45.010;2.276289;-0.914963
45.020;2.282963;-0.916704
45.030;2.285168;-0.916729
45.040;2.284354;-0.915403
45.050;2.282394;-0.913031
45.060;2.281306;-0.909673
45.070;2.282933;-0.905043
45.080;2.288643;-0.898554
45.090;2.299161;-0.889499
45.100;2.314551;-0.877305
45.110;2.334368;-0.861741
45.120;2.357867;-0.843003
45.130;2.384207;-0.821675
45.140;2.412573;-0.798591
45.150;2.442205;-0.774680
45.160;2.472400;-0.750831
45.170;2.502500;-0.727826
45.180;2.531915;-0.706332
45.190;2.560171;-0.686957
45.200;2.586981;-0.670292
45.210;2.612314;-0.656870
45.220;2.636455;-0.647009
45.230;2.660024;-0.640626
45.240;2.683922;-0.637102
45.250;2.709154;-0.635298
45.260;2.736548;-0.633737
45.270;2.766465;-0.630897
45.280;2.798612;-0.625538
45.290;2.832037;-0.616964
45.300;2.865308;-0.605157
45.310;2.896819;-0.590740
45.320;2.925113;-0.574801
45.330;2.949135;-0.558616
45.340;2.968336;-0.543370
45.350;2.982628;-0.529935
45.360;2.992246;-0.518729
45.370;2.997605;-0.509668
45.380;2.999237;-0.502195
45.390;2.997816;-0.495377
45.400;2.994213;-0.488059
45.410;2.989509;-0.479096
45.420;2.984911;-0.467609
45.430;2.981553;-0.453213
45.440;2.980248;-0.436137
45.450;2.981267;-0.417152
45.460;2.984278;-0.397325
45.470;2.988445;-0.377670
45.480;2.992670;-0.358848
45.490;2.995869;-0.341024
45.500;2.997176;-0.323966
45.510;2.996056;-0.307316
45.520;2.992325;-0.290916
45.530;2.986104;-0.275033
45.540;2.977719;-0.260336
45.550;2.967551;-0.247627
45.560;2.955884;-0.237419
45.570;2.942770;-0.229570
45.580;2.927932;-0.223177
45.590;2.910708;-0.216788
45.600;2.890045;-0.208867
45.610;2.864556;-0.198307
45.620;2.832710;-0.184768
45.630;2.793146;-0.168742
45.640;2.745083;-0.151351
45.650;2.688700;-0.134024
45.660;2.625336;-0.118144
45.670;2.557379;-0.104765
45.680;2.487823;-0.094410
45.690;2.419607;-0.087027
45.700;2.354980;-0.082103
45.710;2.295115;-0.078906
45.720;2.240091;-0.076743
45.730;2.189181;-0.075100
45.740;2.141270;-0.073618
45.750;2.095213;-0.071954
45.760;2.050038;-0.069606
45.770;2.005023;-0.065813
45.780;1.959747;-0.059590
45.790;1.914202;-0.049921
45.800;1.868932;-0.036078
45.810;1.825121;-0.017952
45.820;1.784489;0.003722
45.830;1.748966;0.027401
45.840;1.720216;0.051060
45.850;1.699181;0.072715
45.860;1.685856;0.090945
45.870;1.679384;0.105167
45.880;1.678427;0.115583
45.890;1.681655;0.122871
45.900;1.688162;0.127832
45.910;1.697677;0.131131
45.920;1.710521;0.133189
45.930;1.727359;0.134149
45.940;1.748848;0.133890
45.950;1.775307;0.132082
45.960;1.806471;0.128331
45.970;1.841386;0.122396
45.980;1.878480;0.114440
45.990;1.915811;0.105158
46.000;1.951440;0.095691
46.010;1.983820;0.087296
46.020;2.012062;0.080870
46.030;2.036001;0.076545
46.040;2.056055;0.073549
46.050;2.072948;0.070404
46.060;2.087408;0.065378
46.070;2.099950;0.056995
46.080;2.110849;0.044391
46.090;2.120292;0.027455
46.100;2.128614;0.006736
46.110;2.136464;-0.016771
46.120;2.144795;-0.041910
46.130;2.154693;-0.067631
46.140;2.167118;-0.093220
46.150;2.182672;-0.118420
46.160;2.201469;-0.143421
46.170;2.223138;-0.168689
46.180;2.246936;-0.194693
46.190;2.271938;-0.221583
46.200;2.297238;-0.248959
46.210;2.322095;-0.275800
46.220;2.346022;-0.300596
46.230;2.368778;-0.321692
46.240;2.390318;-0.337756
46.250;2.410707;-0.348247
46.260;2.430029;-0.353702
46.270;2.448316;-0.355713
46.280;2.465495;-0.356571
46.290;2.481356;-0.358700
46.300;2.495557;-0.364069
46.310;2.507682;-0.373796
46.320;2.517337;-0.388027
46.330;2.524246;-0.406077
46.340;2.528294;-0.426697
46.350;2.529469;-0.448378
46.360;2.527754;-0.469622
46.370;2.523018;-0.489195
46.380;2.515006;-0.506340
46.390;2.503438;-0.520938
46.400;2.488177;-0.533524
46.410;2.469423;-0.545167
46.420;2.447859;-0.557208
46.430;2.424682;-0.570933
46.440;2.401473;-0.587279
46.450;2.379904;-0.606609
46.460;2.361404;-0.628619
46.470;2.346861;-0.652380
46.480;2.336505;-0.676471
46.490;2.329980;-0.699193
46.500;2.326598;-0.718829
46.510;2.325683;-0.733923
46.520;2.326872;-0.743533
46.530;2.330256;-0.747386
46.540;2.336329;-0.745885
46.550;2.345754;-0.739969
46.560;2.359037;-0.730842
46.570;2.376252;-0.719696
46.580;2.396885;-0.707518
46.590;2.419865;-0.695028
46.600;2.443758;-0.682719
46.610;2.467080;-0.670893
46.620;2.488629;-0.659668
46.630;2.507775;-0.648928
46.640;2.524597;-0.638286
46.650;2.539847;-0.627125
46.660;2.554729;-0.614723
46.670;2.570554;-0.600443
46.680;2.588369;-0.583868
46.690;2.608657;-0.564866
46.700;2.631206;-0.543554
46.710;2.655167;-0.520254
46.720;2.679276;-0.495457
46.730;2.702156;-0.469816
46.740;2.722603;-0.444143
46.750;2.739796;-0.419395
46.760;2.753372;-0.396629
46.770;2.763388;-0.376913
46.780;2.770207;-0.361202
46.790;2.774354;-0.350144
46.800;2.776397;-0.343860
46.810;2.776889;-0.341792
46.820;2.776335;-0.342708
46.830;2.775157;-0.344951
46.840;2.773620;-0.346858
46.850;2.771742;-0.347187
46.860;2.769290;-0.345355
46.870;2.765900;-0.341418
46.880;2.761273;-0.335877
46.890;2.755361;-0.329448
46.900;2.748428;-0.322930
46.910;2.740981;-0.317164
46.920;2.733605;-0.313034
46.930;2.726782;-0.311419
46.940;2.720740;-0.313057
46.950;2.715392;-0.318358
46.960;2.710359;-0.327223
46.970;2.705053;-0.338953
46.980;2.698826;-0.352253
46.990;2.691136;-0.365388
47.000;2.681711;-0.376453
47.010;2.670641;-0.383733
47.020;2.658389;-0.386025
47.030;2.645725;-0.382843
47.040;2.633602;-0.374477
47.050;2.622997;-0.361901
47.060;2.614715;-0.346627
47.070;2.609196;-0.330508
47.080;2.606367;-0.315492
47.090;2.605588;-0.303297
47.100;2.605748;-0.295047
47.110;2.605505;-0.291016
47.120;2.603617;-0.290588
47.130;2.599250;-0.292502
47.140;2.592132;-0.295262
47.150;2.582512;-0.297546
47.160;2.570961;-0.298450
47.170;2.558140;-0.297504
47.180;2.544627;-0.294530
47.190;2.530818;-0.289458
47.200;2.516912;-0.282218
47.210;2.502933;-0.272766
47.220;2.488792;-0.261212
47.230;2.474341;-0.247982
47.240;2.459385;-0.233881
47.250;2.443639;-0.219991
47.260;2.426669;-0.207405
47.270;2.407892;-0.196891
47.280;2.386668;-0.188656
47.290;2.362486;-0.182323
47.300;2.335134;-0.177134
47.310;2.304794;-0.172259
47.320;2.272040;-0.167070
47.330;2.237746;-0.161273
47.340;2.202956;-0.154910
47.350;2.168727;-0.148261
47.360;2.135985;-0.141730
47.370;2.105439;-0.135739
47.380;2.077563;-0.130646
47.390;2.052634;-0.126707
47.400;2.030794;-0.124084
47.410;2.012093;-0.122875
47.420;1.996532;-0.123138
47.430;1.984104;-0.124869
47.440;1.974840;-0.127918
47.450;1.968828;-0.131895
47.460;1.966205;-0.136152
47.470;1.967126;-0.139860
47.480;1.971739;-0.142161
47.490;1.980187;-0.142342
47.500;1.992599;-0.139968
47.510;2.009077;-0.134963
47.520;2.029674;-0.127628
47.530;2.054356;-0.118565
47.540;2.082954;-0.108557
47.550;2.115076;-0.098397
47.560;2.150022;-0.088771
47.570;2.186747;-0.080199
47.580;2.223942;-0.073021
47.590;2.260249;-0.067354
47.600;2.294553;-0.063018
47.610;2.326247;-0.059475
47.620;2.355352;-0.055900
47.630;2.382406;-0.051396
47.640;2.408173;-0.045334
47.650;2.433301;-0.037678
47.660;2.458099;-0.029178
47.670;2.482541;-0.021305
47.680;2.506435;-0.015943
47.690;2.529646;-0.014911
47.700;2.552222;-0.019492
47.710;2.574366;-0.030122
47.720;2.596327;-0.046374
47.730;2.618286;-0.067207
47.740;2.640317;-0.091396
47.750;2.662447;-0.117947
47.760;2.684759;-0.146352
47.770;2.707467;-0.176598
47.780;2.730900;-0.208948
47.790;2.755414;-0.243617
47.800;2.781296;-0.280468
47.810;2.808718;-0.318866
47.820;2.837771;-0.357728
47.830;2.868555;-0.395708
47.840;2.901272;-0.431470
47.850;2.936294;-0.463944
47.860;2.974151;-0.492513
47.870;3.015420;-0.517077
47.880;3.060521;-0.538016
47.890;3.109515;-0.556060
47.900;3.161981;-0.572127
47.910;3.217052;-0.587122
47.920;3.273587;-0.601758
47.930;3.330426;-0.616420
47.940;3.386606;-0.631123
47.950;3.441507;-0.645548
47.960;3.494884;-0.659136
47.970;3.546823;-0.671236
47.980;3.597643;-0.681262
47.990;3.647772;-0.688829
48.000;3.697607;-0.693839
48.010;3.747367;-0.696488
48.020;3.796989;-0.697238
48.030;3.846087;-0.696737
48.040;3.893975;-0.695717
48.050;3.939721;-0.694859
48.060;3.982224;-0.694674
48.070;4.020323;-0.695441
48.080;4.052945;-0.697240
48.090;4.079259;-0.700052
48.100;4.098770;-0.703847
48.110;4.111337;-0.708620
48.120;4.117113;-0.714363
48.130;4.116470;-0.720970
48.140;4.109892;-0.728170
48.150;4.097881;-0.735537
48.160;4.080848;-0.742610
48.170;4.059025;-0.749107
48.180;4.032453;-0.755106
48.190;4.001093;-0.761106
48.200;3.965025;-0.767899
48.210;3.924661;-0.776289
48.220;3.880838;-0.786794
48.230;3.834770;-0.799458
48.240;3.787860;-0.813885
48.250;3.741445;-0.829465
48.260;3.696561;-0.845671
48.270;3.653806;-0.862245
48.280;3.613336;-0.879181
48.290;3.574994;-0.896524
48.300;3.538511;-0.914114
48.310;3.503719;-0.931406
48.320;3.470712;-0.947453
48.330;3.439906;-0.961034
48.340;3.411969;-0.970915
48.350;3.387633;-0.976138
48.360;3.367464;-0.976254
48.370;3.351687;-0.971431
48.380;3.340152;-0.962402
48.390;3.332444;-0.950319
48.400;3.328049;-0.936554
48.410;3.326452;-0.922520
48.420;3.327123;-0.909509
48.430;3.329408;-0.898575
48.440;3.332440;-0.890430
48.450;3.335155;-0.885349
48.460;3.336439;-0.883110
48.470;3.335367;-0.883003
48.480;3.331428;-0.883953
48.490;3.324630;-0.884748
48.500;3.315415;-0.884303
48.510;3.304433;-0.881864
48.520;3.292258;-0.877095
48.530;3.279188;-0.870055
48.540;3.265177;-0.861086
48.550;3.249927;-0.850680
48.560;3.233071;-0.839338
48.570;3.214337;-0.827444
48.580;3.193612;-0.815176
48.590;3.170878;-0.802473
48.600;3.146102;-0.789057
48.610;3.119166;-0.774490
48.620;3.089928;-0.758222
48.630;3.058351;-0.739649
48.640;3.024637;-0.718187
48.650;2.989274;-0.693408
48.660;2.952967;-0.665202
48.670;2.916498;-0.633905
48.680;2.880578;-0.600330
48.690;2.845742;-0.565676
48.700;2.812349;-0.531336
48.710;2.780649;-0.498666
48.720;2.750894;-0.468791
48.730;2.723413;-0.442484
48.740;2.698633;-0.420141
48.750;2.677044;-0.401823
48.760;2.659160;-0.387335
48.770;2.645446;-0.376308
48.780;2.636238;-0.368255
48.790;2.631610;-0.362618
48.800;2.631247;-0.358842
48.810;2.634393;-0.356468
48.820;2.639950;-0.355238
48.830;2.646747;-0.355145
48.840;2.653880;-0.356418
48.850;2.661012;-0.359394
48.860;2.668523;-0.364337
48.870;2.677459;-0.371237
48.880;2.689338;-0.379689
48.890;2.705874;-0.388864
48.900;2.728716;-0.397623
48.910;2.759247;-0.404728
48.920;2.798460;-0.409110
48.930;2.846856;-0.410103
48.940;2.904338;-0.407583
48.950;2.970145;-0.401950
48.960;3.042906;-0.393979
48.970;3.120857;-0.384598
48.980;3.202185;-0.374670
48.990;3.285373;-0.364813
49.000;3.369437;-0.355289
49.010;3.453947;-0.345974
49.020;3.538858;-0.336428
49.030;3.624207;-0.326087
49.040;3.709856;-0.314552
49.050;3.795400;-0.301863
49.060;3.880285;-0.288628
49.070;3.964020;-0.275911
49.080;4.046337;-0.264922
49.090;4.127176;-0.256649
49.100;4.206542;-0.251584
49.110;4.284320;-0.249638
49.120;4.360156;-0.250253
49.130;4.433447;-0.252668
49.140;4.503428;-0.256237
49.150;4.569285;-0.260667
49.160;4.630248;-0.266096
49.170;4.685637;-0.272995
49.180;4.734885;-0.281989
49.190;4.777587;-0.293674
49.200;4.813558;-0.308467
49.210;4.842893;-0.326493
49.220;4.865943;-0.347482
49.230;4.883228;-0.370710
49.240;4.895295;-0.395024
49.250;4.902590;-0.418987
49.260;4.905383;-0.441133
49.270;4.903765;-0.460259
49.280;4.897752;-0.475668
49.290;4.887444;-0.487248
49.300;4.873175;-0.495365
49.310;4.855563;-0.500594
49.320;4.835462;-0.503417
49.330;4.813825;-0.504038
49.340;4.791555;-0.502396
49.350;4.769374;-0.498369
49.360;4.747772;-0.492047
49.370;4.727037;-0.483928
49.380;4.707328;-0.474909
49.390;4.688736;-0.466069
49.400;4.671287;-0.458353
49.410;4.654924;-0.452302
49.420;4.639490;-0.447950
49.430;4.624768;-0.444936
49.440;4.610572;-0.442746
49.450;4.596830;-0.440971
49.460;4.583606;-0.439470
49.470;4.571009;-0.438390
49.480;4.559052;-0.438051
49.490;4.547508;-0.438769
49.500;4.535870;-0.440649
49.510;4.523397;-0.443455
49.520;4.509242;-0.446602
49.530;4.492597;-0.449304
49.540;4.472807;-0.450848
49.550;4.449422;-0.450880
49.560;4.422164;-0.449551
49.570;4.390867;-0.447440
49.580;4.355419;-0.445255
49.590;4.315771;-0.443455
49.600;4.271991;-0.441963
49.610;4.224334;-0.440112
49.620;4.173252;-0.436816
49.630;4.119309;-0.430916
49.640;4.063019;-0.421524
49.650;4.004637;-0.408214
49.660;3.944010;-0.390977
49.670;3.880571;-0.370024
49.680;3.813544;-0.345559
49.690;3.742279;-0.317679
49.700;3.666609;-0.286424
49.710;3.587109;-0.251955
49.720;3.505236;-0.214760
49.730;3.423346;-0.175810
49.740;3.344539;-0.136599
49.750;3.272257;-0.099001
49.760;3.209658;-0.064989
49.770;3.158905;-0.036272
49.780;3.120650;-0.013982
49.790;3.093939;0.001506
49.800;3.076575;0.010550
49.810;3.065805;0.014046
49.820;3.059082;0.013101
49.830;3.054662;0.008701
49.840;3.051858;0.001487
49.850;3.050949;-0.008279
49.860;3.052812;-0.020537
49.870;3.058438;-0.035150
49.880;3.068498;-0.051664
49.890;3.083087;-0.069235
49.900;3.101680;-0.086781
49.910;3.123301;-0.103321
49.920;3.146802;-0.118335
49.930;3.171153;-0.132009
49.940;3.195652;-0.145246
49.950;3.219965;-0.159419
49.960;3.244030;-0.175983
49.970;3.267867;-0.196103
49.980;3.291395;-0.220438
49.990;3.314320;-0.249126
50.000;3.336112;-0.281884
50.010;3.356065;-0.318106
50.020;3.373380;-0.356906
50.030;3.387281;-0.397117
50.040;3.397118;-0.437337
50.050;3.402449;-0.476059
50.060;3.403107;-0.511908
50.070;3.399196;-0.543935
50.080;3.391028;-0.571877
50.090;3.378962;-0.596273
50.100;3.363226;-0.618401
50.110;3.343754;-0.640029
50.120;3.320145;-0.663037
50.130;3.291740;-0.688997
50.140;3.257859;-0.718829
50.150;3.218103;-0.752640
50.160;3.172668;-0.789759
50.170;3.122544;-0.828945
50.180;3.069513;-0.868646
50.190;3.015891;-0.907264
50.200;2.964060;-0.943382
50.210;2.915942;-0.975932
50.220;2.872600;-1.004285
50.230;2.834096;-1.028278
50.240;2.799644;-1.048183
50.250;2.767990;-1.064588
50.260;2.737901;-1.078209
50.270;2.708614;-1.089664
50.280;2.680117;-1.099309
50.290;2.653187;-1.107221
50.300;2.629150;-1.113326
50.310;2.609451;-1.117611
50.320;2.595184;-1.120286
50.330;2.586764;-1.121832
50.340;2.583853;-1.122878
50.350;2.585565;-1.124019
50.360;2.590810;-1.125645
50.370;2.598651;-1.127863
50.380;2.608533;-1.130542
50.390;2.620323;-1.133420
50.400;2.634178;-1.136239
50.410;2.650327;-1.138859
50.420;2.668888;-1.141365
50.430;2.689785;-1.144112
50.440;2.712798;-1.147699
50.450;2.737675;-1.152853
50.460;2.764215;-1.160270
50.470;2.792255;-1.170499
50.480;2.821561;-1.183923
50.490;2.851714;-1.200779
50.500;2.882055;-1.221166
50.510;2.911739;-1.245006
50.520;2.939882;-1.271973
50.530;2.965740;-1.301452
50.540;2.988850;-1.332553
50.550;3.009077;-1.364219
50.560;3.026569;-1.395374
50.570;3.041666;-1.425087
50.580;3.054800;-1.452678
50.590;3.066441;-1.477754
50.600;3.077082;-1.500200
50.610;3.087261;-1.520151
50.620;3.097561;-1.537981
50.630;3.108566;-1.554251
50.640;3.120753;-1.569593
50.650;3.134349;-1.584532
50.660;3.149213;-1.599322
50.670;3.164799;-1.613847
50.680;3.180220;-1.627644
50.690;3.194421;-1.640013
50.700;3.206381;-1.650142
50.710;3.215341;-1.657219
50.720;3.220953;-1.660496
50.730;3.223332;-1.659357
50.740;3.222976;-1.653406
50.750;3.220560;-1.642555
50.760;3.216688;-1.627088
50.770;3.211702;-1.607689
50.780;3.205643;-1.585429
50.790;3.198366;-1.561715
50.800;3.189727;-1.538158
50.810;3.179726;-1.516391
50.820;3.168546;-1.497849
50.830;3.156463;-1.483579
50.840;3.143687;-1.474131
50.850;3.130231;-1.469518
50.860;3.115864;-1.469238
50.870;3.100192;-1.472359
50.880;3.082819;-1.477692
50.890;3.063522;-1.484035
50.900;3.042363;-1.490448
50.910;3.019678;-1.496465
50.920;2.995937;-1.502148
50.930;2.971537;-1.507961
50.940;2.946623;-1.514528
50.950;2.921026;-1.522392
50.960;2.894374;-1.531886
50.970;2.866299;-1.543138
50.980;2.836641;-1.556157
50.990;2.805551;-1.570920
51.000;2.773447;-1.587397
51.010;2.740887;-1.605526
51.020;2.708422;-1.625162
51.030;2.676540;-1.646046
51.040;2.645694;-1.667823
51.050;2.616412;-1.690106
51.060;2.589390;-1.712554
51.070;2.565510;-1.734905
51.080;2.545769;-1.756937
51.090;2.531115;-1.778408
51.100;2.522267;-1.799034
51.110;2.519543;-1.818558
51.120;2.522773;-1.836879
51.130;2.531308;-1.854167
51.140;2.544142;-1.870922
51.150;2.560082;-1.887925
51.160;2.577877;-1.906115
51.170;2.596278;-1.926407
51.180;2.614062;-1.949473
51.190;2.630100;-1.975532
51.200;2.643522;-2.004195
51.210;2.653951;-2.034449
51.220;2.661697;-2.064788
51.230;2.667771;-2.093501
51.240;2.673681;-2.119028
51.250;2.681027;-2.140283
51.260;2.691097;-2.156846
51.270;2.704630;-2.168975
51.280;2.721836;-2.177435
51.290;2.742626;-2.183247
51.300;2.766884;-2.187430
51.310;2.794630;-2.190841
51.320;2.825999;-2.194139
51.330;2.861089;-2.197847
51.340;2.899776;-2.202456
51.350;2.941587;-2.208508
51.360;2.985698;-2.216621
51.370;3.031040;-2.227468
51.380;3.076483;-2.241703
51.390;3.121018;-2.259842
51.400;3.163897;-2.282109
51.410;3.204648;-2.308296
51.420;3.242991;-2.337706
51.430;3.278667;-2.369246
51.440;3.311277;-2.401622
51.450;3.340179;-2.433534
51.460;3.364532;-2.463805
51.470;3.383448;-2.491434
51.480;3.396180;-2.515622
51.490;3.402237;-2.535810
51.500;3.401390;-2.551748
51.510;3.393615;-2.563566
51.520;3.379035;-2.571788
51.530;3.357903;-2.577282
51.540;3.330620;-2.581124
51.550;3.297721;-2.584432
51.560;3.259816;-2.588206
51.570;3.217487;-2.593206
51.580;3.171205;-2.599878
51.590;3.121322;-2.608322
51.600;3.068187;-2.618298
51.610;3.012357;-2.629259
51.620;2.954824;-2.640388
51.630;2.897132;-2.650706
51.640;2.841294;-2.659218
51.650;2.789500;-2.665107
51.660;2.743670;-2.667910
51.670;2.705009;-2.667629
51.680;2.673723;-2.664711
51.690;2.649027;-2.659910
51.700;2.629445;-2.654050
51.710;2.613265;-2.647777
51.720;2.598947;-2.641398
51.730;2.585358;-2.634891
51.740;2.571807;-2.628070
51.750;2.557958;-2.620798
51.760;2.543710;-2.613119
51.770;2.529119;-2.605218
51.780;2.514354;-2.597288
51.790;2.499656;-2.589405
51.800;2.485265;-2.581573
51.810;2.471305;-2.573902
51.820;2.457677;-2.566839
51.830;2.443997;-2.561223
51.840;2.429675;-2.558105
51.850;2.414121;-2.558373
51.860;2.397035;-2.562403
51.870;2.378649;-2.569937
51.880;2.359789;-2.580244
51.890;2.341739;-2.592488
51.900;2.325960;-2.606069
51.910;2.313777;-2.620770
51.920;2.306157;-2.636654
51.930;2.303652;-2.653829
51.940;2.306492;-2.672258
51.950;2.314753;-2.691679
51.960;2.328481;-2.711652
51.970;2.347711;-2.731659
51.980;2.372372;-2.751207
51.990;2.402110;-2.769941
52.000;2.436144;-2.787729
52.010;2.473198;-2.804705
52.020;2.511604;-2.821235
52.030;2.549554;-2.837763
52.040;2.585452;-2.854562
52.050;2.618286;-2.871444
52.060;2.647902;-2.887543
52.070;2.675103;-2.901272
52.080;2.701551;-2.910526
52.090;2.729468;-2.913128
52.100;2.761190;-2.907426
52.110;2.798627;-2.892843
52.120;2.842721;-2.870185
52.130;2.893044;-2.841583
52.140;2.947694;-2.810116
52.150;3.003559;-2.779238
52.160;3.056946;-2.752167
52.170;3.104365;-2.731381
52.180;3.143243;-2.718258
52.190;3.172377;-2.712934
52.200;3.192037;-2.714385
52.210;3.203737;-2.720729
52.220;3.209758;-2.729661
52.230;3.212578;-2.738958
52.240;3.214378;-2.746903
52.250;3.216761;-2.752506
52.260;3.220744;-2.755425
52.270;3.226948;-2.755659
52.280;3.235818;-2.753166
52.290;3.247741;-2.747650
52.300;3.262997;-2.738601
52.310;3.281584;-2.725565
52.320;3.303040;-2.708462
52.330;3.326378;-2.687759
52.340;3.350180;-2.664413
52.350;3.372839;-2.639598
52.360;3.392867;-2.614339
52.370;3.409182;-2.589213
52.380;3.421339;-2.564205
52.390;3.429638;-2.538719
52.400;3.435098;-2.511711
52.410;3.439263;-2.481866
52.420;3.443885;-2.447796
52.430;3.450571;-2.408229
52.440;3.460456;-2.362166
52.450;3.473999;-2.309012
52.460;3.490942;-2.248689
52.470;3.510433;-2.181712
52.480;3.531278;-2.109238
52.490;3.552247;-2.033033
52.500;3.572373;-1.955365
52.510;3.591182;-1.878822
52.520;3.608793;-1.806044
52.530;3.625860;-1.739368
52.540;3.643349;-1.680443
52.550;3.662193;-1.629901
52.560;3.682929;-1.587245
52.570;3.705447;-1.551038
52.580;3.728950;-1.519397
52.590;3.752161;-1.490601
52.600;3.773723;-1.463567
52.610;3.792664;-1.438018
52.620;3.808762;-1.414290
52.630;3.822674;-1.392951
52.640;3.835758;-1.374426
52.650;3.849636;-1.358779
52.660;3.865628;-1.345714
52.670;3.884256;-1.334713
52.680;3.905013;-1.325207
52.690;3.926487;-1.316698
52.700;3.946793;-1.308809
52.710;3.964162;-1.301274
52.720;3.977482;-1.293920
52.730;3.986598;-1.286611
52.740;3.992295;-1.279156
52.750;3.995994;-1.271186
52.760;3.999285;-1.262114
52.770;4.003464;-1.251228
52.780;4.009230;-1.237946
52.790;4.016614;-1.222140
52.800;4.025149;-1.204398
52.810;4.034207;-1.186108
52.820;4.043359;-1.169271
52.830;4.052640;-1.156071
52.840;4.062637;-1.148279
52.850;4.074366;-1.146716
52.860;4.088994;-1.150968
52.870;4.107495;-1.159482
52.880;4.130330;-1.170023
52.890;4.157244;-1.180336
52.900;4.187217;-1.188784
52.910;4.218613;-1.194750
52.920;4.249509;-1.198687
52.930;4.278147;-1.201860
52.940;4.303380;-1.205872
52.950;4.324979;-1.212182
52.960;4.343686;-1.221749
52.970;4.360986;-1.234953
52.980;4.378677;-1.251763
52.990;4.398365;-1.272056
53.000;4.421022;-1.295870
53.010;4.446738;-1.323445
53.020;4.474735;-1.355020
53.030;4.503613;-1.390511
53.040;4.531743;-1.429292
53.050;4.557651;-1.470195
53.060;4.580299;-1.511777
53.070;4.599221;-1.552727
53.080;4.614519;-1.592251
53.090;4.626759;-1.630264
53.100;4.636802;-1.667331
53.110;4.645597;-1.704371
53.120;4.653997;-1.742228
53.130;4.662603;-1.781239
53.140;4.671662;-1.820938
53.150;4.681016;-1.859998
53.160;4.690119;-1.896465
53.170;4.698155;-1.928224
53.180;4.704228;-1.953515
53.190;4.707573;-1.971299
53.200;4.707703;-1.981336
53.210;4.704426;-1.983988
53.220;4.697734;-1.979913
53.230;4.687636;-1.969793
53.240;4.673992;-1.954205
53.250;4.656447;-1.933617
53.260;4.634456;-1.908446
53.270;4.607382;-1.879121
53.280;4.574576;-1.846109
53.290;4.535407;-1.809885
53.300;4.489235;-1.770820
53.310;4.435408;-1.729012
53.320;4.373327;-1.684147
53.330;4.302585;-1.635436
53.340;4.223125;-1.581715
53.350;4.135346;-1.521698
53.360;4.040123;-1.454353
53.370;3.938720;-1.379278
53.380;3.832617;-1.296952
53.390;3.723281;-1.208748
53.400;3.611919;-1.116664
53.410;3.499284;-1.022847
53.420;3.385618;-0.929079
53.430;3.270797;-0.836488
53.440;3.154688;-0.745602
53.450;3.037626;-0.656721
53.460;2.920850;-0.570396
53.470;2.806663;-0.487763
53.480;2.698213;-0.410558
53.490;2.598881;-0.340825
53.500;2.511490;-0.280451
53.510;2.437611;-0.230753
53.520;2.377236;-0.192246
53.530;2.328893;-0.164638
53.540;2.290124;-0.146992
53.550;2.258162;-0.137999
53.560;2.230587;-0.136289
53.570;2.205815;-0.140716
53.580;2.183310;-0.150563
53.590;2.163473;-0.165598
53.600;2.147262;-0.185978
53.610;2.135670;-0.211979
53.620;2.129252;-0.243639
53.630;2.127879;-0.280418
53.640;2.130792;-0.320990
53.650;2.136891;-0.363259
53.660;2.145100;-0.404566
53.670;2.154659;-0.442039
53.680;2.165256;-0.472985
53.690;2.177001;-0.495285
53.700;2.190295;-0.507722
53.710;2.205648;-0.510174
53.720;2.223484;-0.503609
53.730;2.243957;-0.489889
53.740;2.266817;-0.471419
53.750;2.291380;-0.450710
53.760;2.316647;-0.429954
53.770;2.341534;-0.410713
53.780;2.365136;-0.393814
53.790;2.386914;-0.379476
53.800;2.406735;-0.367583
53.810;2.424771;-0.357956
53.820;2.441299;-0.350492
53.830;2.456525;-0.345164
53.840;2.470472;-0.341911
53.850;2.482975;-0.340546
53.860;2.493792;-0.340758
53.870;2.502739;-0.342210
53.880;2.509814;-0.344695
53.890;2.515180;-0.348268
53.900;2.519040;-0.353309
53.910;2.521442;-0.360486
53.920;2.522150;-0.370598
53.930;2.520665;-0.384362
53.940;2.516379;-0.402216
53.950;2.508817;-0.424236
53.960;2.497854;-0.450176
53.970;2.483862;-0.479583
53.980;2.467768;-0.511902
53.990;2.450998;-0.546552
54.000;2.435311;-0.582994
54.010;2.422551;-0.620787
54.020;2.414369;-0.659622
54.030;2.412006;-0.699296
54.040;2.416168;-0.739578
54.050;2.426988;-0.780009
54.060;2.444072;-0.819763
54.070;2.466611;-0.857701
54.080;2.493552;-0.892641
54.090;2.523779;-0.923727
54.100;2.556262;-0.950672
54.110;2.590124;-0.973734
54.120;2.624602;-0.993431
54.130;2.658940;-1.010176
54.140;2.692273;-1.024007
54.150;2.723545;-1.034597
54.160;2.751517;-1.041528
54.170;2.774862;-1.044684
54.180;2.792334;-1.044559
54.190;2.802961;-1.042259
54.200;2.806205;-1.039193
54.210;2.802032;-1.036597
54.220;2.790870;-1.035112
54.230;2.773456;-1.034627
54.240;2.750656;-1.034398
54.250;2.723325;-1.033367
54.260;2.692288;-1.030527
54.270;2.658410;-1.025201
54.280;2.622693;-1.017188
54.290;2.586317;-1.006768
54.300;2.550601;-0.994593
54.310;2.516880;-0.981519
54.320;2.486341;-0.968397
54.330;2.459859;-0.955912
54.340;2.437901;-0.944466
54.350;2.420529;-0.934153
54.360;2.407501;-0.924803
54.370;2.398418;-0.916075
54.380;2.392824;-0.907585
54.390;2.390228;-0.899033
54.400;2.390049;-0.890315
54.410;2.391529;-0.881616
54.420;2.393701;-0.873466
54.430;2.395455;-0.866701
54.440;2.395729;-0.862337
54.450;2.393757;-0.861354
54.460;2.389269;-0.864451
54.470;2.382554;-0.871867
54.480;2.374363;-0.883329
54.490;2.365689;-0.898176
54.500;2.357506;-0.915601
54.510;2.350518;-0.934961
54.520;2.345009;-0.956015
54.530;2.340863;-0.978989
54.540;2.337778;-1.004474
54.550;2.335595;-1.033197
54.560;2.334586;-1.065819
54.570;2.335537;-1.102788
54.580;2.339592;-1.144260
54.590;2.347944;-1.190021
54.600;2.361478;-1.239432
54.610;2.380505;-1.291410
54.620;2.404638;-1.344524
54.630;2.432882;-1.397173
54.640;2.463879;-1.447825
54.650;2.496226;-1.495225
54.660;2.528714;-1.538536
54.670;2.560394;-1.577369
54.680;2.590478;-1.611725
54.690;2.618190;-1.641842
54.700;2.642688;-1.668022
54.710;2.663106;-1.690455
54.720;2.678694;-1.709120
54.730;2.688972;-1.723803
54.740;2.693835;-1.734257
54.750;2.693576;-1.740444
54.760;2.688841;-1.742734
54.770;2.680527;-1.741937
54.780;2.669638;-1.739153
54.790;2.657148;-1.735497
54.800;2.643898;-1.731799
54.810;2.630572;-1.728395
54.820;2.617702;-1.725073
54.830;2.605689;-1.721205
54.840;2.594820;-1.716019
54.850;2.585256;-1.708889
54.860;2.577044;-1.699541
54.870;2.570179;-1.688119
54.880;2.564740;-1.675142
54.890;2.561070;-1.661397
54.900;2.559892;-1.647815
54.910;2.562272;-1.635373
54.920;2.569399;-1.625034
54.930;2.582258;-1.617677
54.940;2.601320;-1.613992
54.950;2.626343;-1.614354
54.960;2.656344;-1.618767
54.970;2.689717;-1.626941
54.980;2.724439;-1.638516
54.990;2.758332;-1.653290
55.000;2.789328;-1.671334
55.010;2.815744;-1.692898
55.020;2.836497;-1.718175
55.030;2.851212;-1.747033
55.040;2.860173;-1.778800
55.050;2.864110;-1.812182
55.060;2.863896;-1.845336
55.070;2.860257;-1.876130
55.080;2.853574;-1.902536
55.090;2.843864;-1.923053
55.100;2.830909;-1.937010
55.110;2.814492;-1.944676
55.120;2.794610;-1.947165
55.130;2.771587;-1.946173
55.140;2.746057;-1.943634
55.150;2.718844;-1.941375
55.160;2.690821;-1.940824
55.170;2.662797;-1.942822
55.180;2.635488;-1.947542
55.190;2.609534;-1.954547
55.200;2.585522;-1.962951
55.210;2.563942;-1.971656
55.220;2.545099;-1.979612
55.230;2.529027;-1.986027
55.240;2.515476;-1.990472
55.250;2.504010;-1.992862
55.260;2.494133;-1.993358
55.270;2.485362;-1.992251
55.280;2.477175;-1.989856
55.290;2.468913;-1.986427
55.300;2.459742;-1.982084
55.310;2.448760;-1.976765
55.320;2.435199;-1.970218
55.330;2.418593;-1.962054
55.340;2.398790;-1.951844
55.350;2.375787;-1.939226
55.360;2.349469;-1.923995
55.370;2.319387;-1.906112
55.380;2.284716;-1.885622
55.390;2.244421;-1.862515
55.400;2.197544;-1.836593
55.410;2.143518;-1.807448
55.420;2.082395;-1.774598
55.430;2.014966;-1.737732
55.440;1.942708;-1.696958
55.450;1.867581;-1.652920
55.460;1.791679;-1.606694
55.470;1.716827;-1.559525
55.480;1.644281;-1.512520
55.490;1.574623;-1.466450
55.500;1.507923;-1.421732
55.510;1.444052;-1.378590
55.520;1.382997;-1.337285
55.530;1.325054;-1.298285
55.540;1.270825;-1.262288
55.550;1.221057;-1.230103
55.560;1.176417;-1.202461
55.570;1.137306;-1.179854
55.580;1.103796;-1.162490
55.590;1.075676;-1.150364
55.600;1.052555;-1.143406
55.610;1.033955;-1.141584
55.620;1.019345;-1.144882
55.630;1.008094;-1.153154
55.640;0.999372;-1.165930
55.650;0.992097;-1.182308
55.660;0.985023;-1.200995
55.670;0.976986;-1.220515
55.680;0.967227;-1.239496
55.690;0.955626;-1.256948
55.700;0.942731;-1.272422
55.710;0.929526;-1.286005
55.720;0.917024;-1.298141
55.730;0.905824;-1.309380
55.740;0.895844;-1.320166
55.750;0.886371;-1.330737
55.760;0.876429;-1.341165
55.770;0.865326;-1.351478
55.780;0.853118;-1.361794
55.790;0.840772;-1.372388
55.800;0.829932;-1.383644
55.810;0.822400;-1.395941
55.820;0.819587;-1.409531
55.830;0.822190;-1.424491
55.840;0.830234;-1.440745
55.850;0.843397;-1.458134
55.860;0.861387;-1.476479
55.870;0.884135;-1.495650
55.880;0.911697;-1.515617
55.890;0.943928;-1.536511
55.900;0.980103;-1.558639
55.910;1.018735;-1.582449
55.920;1.057675;-1.608385
55.930;1.094517;-1.636659
55.940;1.127133;-1.667008
55.950;1.154135;-1.698579
55.960;1.175082;-1.730028
55.970;1.190365;-1.759825
55.980;1.200854;-1.786653
55.990;1.207495;-1.809698
56.000;1.210982;-1.828751
56.010;1.211581;-1.844076
56.020;1.209115;-1.856159
56.030;1.203065;-1.865460
56.040;1.192749;-1.872296
56.050;1.177554;-1.876907
56.060;1.157142;-1.879651
56.070;1.131612;-1.881233
56.080;1.101585;-1.882822
56.090;1.068200;-1.885984
56.100;1.033041;-1.892449
56.110;0.997998;-1.903794
56.120;0.965069;-1.921151
56.130;0.936084;-1.945036
56.140;0.912402;-1.975316
56.150;0.894625;-2.011333
56.160;0.882475;-2.052101
56.170;0.874898;-2.096494
56.180;0.870398;-2.143368
56.190;0.867443;-2.191600
56.200;0.864800;-2.240093
56.210;0.861685;-2.287807
56.220;0.857741;-2.333789
56.230;0.852919;-2.377214
56.240;0.847304;-2.417378
56.250;0.840923;-2.453716
56.260;0.833572;-2.485854
56.270;0.824702;-2.513724
56.280;0.813442;-2.537700
56.290;0.798779;-2.558675
56.300;0.779843;-2.578039
56.310;0.756175;-2.597518
56.320;0.727871;-2.618891
56.330;0.695577;-2.643612
56.340;0.660378;-2.672436
56.350;0.623634;-2.705174
56.360;0.586843;-2.740684
56.370;0.551553;-2.777135
56.380;0.519335;-2.812472
56.390;0.491761;-2.844897
56.400;0.470313;-2.873185
56.410;0.456191;-2.896763
56.420;0.450053;-2.915633
56.430;0.451791;-2.930229
56.440;0.460481;-2.941322
56.450;0.474573;-2.949937
56.460;0.492278;-2.957258
56.470;0.512005;-2.964488
56.480;0.532695;-2.972650
56.490;0.553930;-2.982387
56.500;0.575788;-2.993781
56.510;0.598529;-3.006284
56.520;0.622225;-3.018780
56.530;0.646473;-3.029826
56.540;0.670299;-3.037979
56.550;0.692312;-3.042138
56.560;0.711071;-3.041774
56.570;0.725540;-3.037049
56.580;0.735420;-3.028760
56.590;0.741228;-3.018147
56.600;0.744047;-3.006608
56.610;0.745059;-2.995420
56.620;0.745068;-2.985551
56.630;0.744227;-2.977615
56.640;0.742083;-2.971930
56.650;0.737897;-2.968645
56.660;0.731085;-2.967859
56.670;0.721580;-2.969738
56.680;0.709979;-2.974566
56.690;0.697445;-2.982736
56.700;0.685442;-2.994664
56.710;0.675386;-3.010682
56.720;0.668328;-3.030979
56.730;0.664727;-3.055604
56.740;0.664346;-3.084526
56.750;0.666287;-3.117679
56.760;0.669148;-3.154975
56.770;0.671292;-3.196276
56.780;0.671135;-3.241339
56.790;0.667405;-3.289759
56.800;0.659302;-3.340953
56.810;0.646584;-3.394184
56.820;0.629573;-3.448631
56.830;0.609098;-3.503430
56.840;0.586384;-3.557681
56.850;0.562862;-3.610414
56.860;0.539919;-3.660575
56.870;0.518641;-3.707056
56.880;0.499634;-3.748770
56.890;0.483026;-3.784734
56.900;0.468665;-3.814116
56.910;0.456466;-3.836232
56.920;0.446735;-3.850509
56.930;0.440343;-3.856464
56.940;0.438637;-3.853759
56.950;0.443089;-3.842374
56.960;0.454790;-3.822825
56.970;0.473979;-3.796356
56.980;0.499775;-3.764970
56.990;0.530217;-3.731260
57.000;0.562589;-3.698072
57.010;0.593981;-3.668069
57.020;0.621942;-3.643295
57.030;0.645065;-3.624840
57.040;0.663344;-3.612709
57.050;0.678156;-3.605981
57.060;0.691838;-3.603204
57.070;0.706952;-3.602875
57.080;0.725449;-3.603794
57.090;0.748037;-3.605184
57.100;0.773990;-3.606624
57.110;0.801437;-3.607888
57.120;0.828011;-3.608799
57.130;0.851600;-3.609162
57.140;0.870969;-3.608786
57.150;0.886090;-3.607571
57.160;0.898117;-3.605606
57.170;0.909055;-3.603201
57.180;0.921234;-3.600814
57.190;0.936730;-3.598910
57.200;0.956901;-3.597824
57.210;0.982155;-3.597707
57.220;1.012007;-3.598565
57.230;1.045372;-3.600329
57.240;1.080932;-3.602948
57.250;1.117433;-3.606469
57.260;1.153792;-3.611122
57.270;1.189060;-3.617344
57.280;1.222330;-3.625686
57.290;1.252714;-3.636569
57.300;1.279411;-3.649994
57.310;1.301826;-3.665332
57.320;1.319673;-3.681337
57.330;1.333014;-3.696377
57.340;1.342238;-3.708770
57.350;1.348007;-3.717108
57.360;1.351185;-3.720467
57.370;1.352761;-3.718516
57.380;1.353759;-3.711521
57.390;1.355128;-3.700267
57.400;1.357610;-3.685935
57.410;1.361624;-3.669944
57.420;1.367178;-3.653764
57.430;1.373840;-3.638709
57.440;1.380810;-3.625741
57.450;1.387085;-3.615330
57.460;1.391712;-3.607440
57.470;1.394077;-3.601638
57.480;1.394148;-3.597314
57.490;1.392611;-3.593912
57.500;1.390843;-3.591032
57.510;1.390701;-3.588346
57.520;1.394170;-3.585378
57.530;1.402959;-3.581284
57.540;1.418170;-3.574824
57.550;1.440131;-3.564593
57.560;1.468416;-3.549433
57.570;1.502039;-3.528861
57.580;1.539746;-3.503331
57.590;1.580367;-3.474223
57.600;1.623139;-3.443559
57.610;1.667913;-3.413515
57.620;1.715154;-3.385874
57.630;1.765702;-3.361592
57.640;1.820368;-3.340573
57.650;1.879506;-3.321700
57.660;1.942735;-3.303090
57.670;2.008878;-3.282540
57.680;2.076085;-3.258081
57.690;2.142027;-3.228544
57.700;2.204130;-3.194007
57.710;2.259847;-3.155999
57.720;2.307027;-3.117313
57.730;2.344330;-3.081431
57.740;2.371574;-3.051635
57.750;2.389843;-3.030119
57.760;2.401268;-3.017395
57.770;2.408505;-3.012211
57.780;2.414104;-3.011984
57.790;2.419960;-3.013569
57.800;2.427057;-3.014091
57.810;2.435545;-3.011594
57.820;2.445064;-3.005309
57.830;2.455111;-2.995523
57.840;2.465268;-2.983174
57.850;2.475261;-2.969361
57.860;2.484933;-2.954976
57.870;2.494212;-2.940516
57.880;2.503119;-2.926096
57.890;2.511807;-2.911582
57.900;2.520588;-2.896811
57.910;2.529943;-2.881797
57.920;2.540469;-2.866834
57.930;2.552785;-2.852475
57.940;2.567392;-2.839401
57.950;2.584544;-2.828257
57.960;2.604133;-2.819485
57.970;2.625621;-2.813190
57.980;2.648038;-2.809044
57.990;2.670085;-2.806286
58.000;2.690348;-2.803806
58.010;2.707574;-2.800296
58.020;2.720930;-2.794454
58.030;2.730149;-2.785201
58.040;2.735513;-2.771845
58.050;2.737693;-2.754150
58.060;2.737520;-2.732284
58.070;2.735790;-2.706723
58.080;2.733202;-2.678144
58.090;2.730410;-2.647329
58.100;2.728134;-2.615043
58.110;2.727217;-2.581896
58.120;2.728568;-2.548230
58.130;2.732985;-2.514118
58.140;2.740902;-2.479524
58.150;2.752177;-2.444569
58.160;2.765988;-2.409793
58.170;2.780912;-2.376277
58.180;2.795171;-2.345560
58.190;2.806972;-2.319388
58.200;2.814835;-2.299373
58.210;2.817774;-2.286667
58.220;2.815290;-2.281738
58.230;2.807233;-2.284255
58.240;2.793653;-2.293082
58.250;2.774766;-2.306348
58.260;2.751030;-2.321633
58.270;2.723222;-2.336287
58.280;2.692393;-2.347869
58.290;2.659616;-2.354589
58.300;2.625639;-2.355592
58.310;2.590620;-2.350980
58.320;2.554100;-2.341568
58.330;2.515259;-2.328484
58.340;2.473314;-2.312774
58.350;2.427875;-2.295145
58.360;2.379101;-2.275915
58.370;2.327610;-2.255119
58.380;2.274265;-2.232717
58.390;2.220012;-2.208801
58.400;2.165891;-2.183764
58.410;2.113220;-2.158377
58.420;2.063746;-2.133757
58.430;2.019585;-2.111229
58.440;1.982866;-2.092105
58.450;1.955185;-2.077462
58.460;1.937109;-2.068004
58.470;1.927933;-2.064063
58.480;1.925800;-2.065702
58.490;1.928139;-2.072810
58.500;1.932248;-2.085097
58.510;1.935860;-2.101987
58.520;1.937506;-2.122486
58.530;1.936609;-2.145153
58.540;1.933329;-2.168265
58.550;1.928294;-2.190147
58.560;1.922341;-2.209583
58.570;1.916335;-2.226128
58.580;1.911070;-2.240167
58.590;1.907219;-2.252701
58.600;1.905279;-2.264973
58.610;1.905509;-2.278094
58.620;1.907873;-2.292824
58.630;1.912008;-2.309553
58.640;1.917258;-2.328401
58.650;1.922782;-2.349351
58.660;1.927736;-2.372355
58.670;1.931496;-2.397396
58.680;1.933863;-2.424508
58.690;1.935179;-2.453726
58.700;1.936307;-2.484954
58.710;1.938471;-2.517791
58.720;1.943043;-2.551421
58.730;1.951327;-2.584669
58.740;1.964373;-2.616246
58.750;1.982816;-2.645098
58.760;2.006735;-2.670730
58.770;2.035577;-2.693372
58.780;2.068193;-2.713942
58.790;2.103018;-2.733826
58.800;2.138361;-2.754528
58.810;2.172727;-2.777315
58.820;2.205055;-2.802941
58.830;2.234852;-2.831541
58.840;2.262172;-2.862704
58.850;2.287506;-2.895701
58.860;2.311607;-2.929816
58.870;2.335328;-2.964688
58.880;2.359518;-3.000534
58.890;2.384993;-3.038142
58.900;2.412519;-3.078630
58.910;2.442759;-3.123079
58.920;2.476179;-3.172218
58.930;2.512934;-3.226314
58.940;2.552789;-3.285278
58.950;2.595107;-3.348870
58.960;2.638909;-3.416811
58.970;2.682983;-3.488699
58.980;2.726010;-3.563794
58.990;2.766694;-3.640843
59.000;2.803873;-3.718112
59.010;2.836622;-3.793654
59.020;2.864328;-3.865689
59.030;2.886719;-3.932895
59.040;2.903846;-3.994457
59.050;2.915996;-4.049892
59.060;2.923579;-4.098755
59.070;2.927032;-4.140411
59.080;2.926790;-4.173961
59.090;2.923294;-4.198362
59.100;2.917007;-4.212679
59.110;2.908365;-4.216414
59.120;2.897679;-4.209831
59.130;2.885036;-4.194128
59.140;2.870256;-4.171357
59.150;2.852969;-4.144051
59.160;2.832784;-4.114662
59.170;2.809515;-4.085011
59.180;2.783373;-4.055942
59.190;2.755063;-4.027323
59.200;2.725730;-3.998395
59.210;2.696771;-3.968325
59.220;2.669569;-3.936721
59.230;2.645206;-3.903931
59.240;2.624262;-3.871018
59.250;2.606728;-3.839442
59.260;2.592085;-3.810591
59.270;2.579513;-3.785330
59.280;2.568184;-3.763724
59.290;2.557555;-3.745020
59.300;2.547538;-3.727864
59.310;2.538475;-3.710664
59.320;2.530887;-3.692020
59.330;2.525091;-3.671063
59.340;2.520871;-3.647630
59.350;2.517402;-3.622186
59.360;2.513488;-3.595504
59.370;2.508042;-3.568195
59.380;2.500577;-3.540274
59.390;2.491462;-3.510939
59.400;2.481842;-3.478716
59.410;2.473260;-3.441899
59.420;2.467179;-3.399139
59.430;2.464603;-3.349960
59.440;2.465911;-3.295025
59.450;2.470896;-3.236081
59.460;2.478957;-3.175581
59.470;2.489346;-3.116142
59.480;2.501417;-3.059999
59.490;2.514826;-3.008644
59.500;2.529610;-2.962729
59.510;2.546131;-2.922211
59.520;2.564877;-2.886650
59.530;2.586203;-2.855495
59.540;2.610104;-2.828214
59.550;2.636113;-2.804248
59.560;2.663371;-2.782851
59.570;2.690813;-2.762984
59.580;2.717385;-2.743360
59.590;2.742175;-2.722628
59.600;2.764457;-2.699632
59.610;2.783672;-2.673656
59.620;2.799442;-2.644563
59.630;2.811607;-2.612777
59.640;2.820223;-2.579083
59.650;2.825503;-2.544328
59.660;2.827697;-2.509200
59.670;2.827006;-2.474191
59.680;2.823556;-2.439762
59.690;2.817443;-2.406576
59.700;2.808802;-2.375612
59.710;2.797876;-2.348035
59.720;2.785056;-2.324845
59.730;2.770881;-2.306459
59.740;2.756019;-2.292468
59.750;2.741198;-2.281695
59.760;2.727109;-2.272590
59.770;2.714294;-2.263810
59.780;2.703065;-2.254741
59.790;2.693517;-2.245754
59.800;2.685616;-2.238062
59.810;2.679337;-2.233260
59.820;2.674796;-2.232747
59.830;2.672361;-2.237257
59.840;2.672652;-2.246694
59.850;2.676393;-2.260295
59.860;2.684096;-2.277088
59.870;2.695635;-2.296466
59.880;2.709862;-2.318693
59.890;2.724461;-2.345079
59.900;2.736235;-2.377617
59.910;2.741913;-2.417972
59.920;2.739388;-2.465923
59.930;2.729058;-2.517676
59.940;2.714750;-2.564722
59.950;2.703614;-2.594128
59.960;2.704616;-2.590945
59.970;2.725738;-2.542734
59.980;2.770726;-2.444940
59.990;2.836811;-2.304706
60.000;2.914787;-2.140715
