Time[s];COPx[cm];COPy[cm]
0.010;3.869858;0.983764
0.020;3.830430;0.981529
0.030;3.789937;0.983820
0.040;3.747780;0.994215
0.050;3.704146;1.014612
0.060;3.659993;1.045004
0.070;3.616757;1.083724
0.080;3.575953;1.128053
0.090;3.538844;1.174968
0.100;3.506308;1.221831
0.110;3.478862;1.266853
0.120;3.456774;1.309230
0.130;3.440127;1.349001
0.140;3.428782;1.386744
0.150;3.422278;1.423256
0.160;3.419766;1.459302
0.170;3.420123;1.495404
0.180;3.422220;1.531672
0.190;3.425215;1.567720
0.200;3.428723;1.602722
0.210;3.432765;1.635657
0.220;3.437537;1.665695
0.230;3.443106;1.692553
0.240;3.449151;1.716655
0.250;3.454873;1.738985
0.260;3.459126;1.760662
0.270;3.460740;1.782401
0.280;3.458952;1.804038
0.290;3.453779;1.824330
0.300;3.446193;1.841103
0.310;3.438008;1.851783
0.320;3.431481;1.854163
0.330;3.428722;1.847180
0.340;3.431075;1.831371
0.350;3.438684;1.808814
0.360;3.450368;1.782530
0.370;3.463863;1.755589
0.380;3.476364;1.730253
0.390;3.485239;1.707425
0.400;3.488733;1.686556
0.410;3.486452;1.665975
0.420;3.479491;1.643481
0.430;3.470152;1.616992
0.440;3.461337;1.585090
0.450;3.455816;1.547358
0.460;3.455596;1.504472
0.470;3.461555;1.458011
0.480;3.473414;1.410010
0.490;3.490032;1.362359
0.500;3.509924;1.316255
0.510;3.531847;1.271884
0.520;3.555228;1.228434
0.530;3.580255;1.184428
0.540;3.607582;1.138261
0.550;3.637789;1.088757
0.560;3.670872;1.035601
0.570;3.705995;0.979498
0.580;3.741591;0.922022
0.590;3.775727;0.865200
0.600;3.806564;0.811008
0.610;3.832751;0.760913
0.620;3.853652;0.715577
0.630;3.869386;0.674746
0.640;3.880674;0.637332
0.650;3.888568;0.601665
0.660;3.894166;0.565865
0.670;3.898424;0.528273
0.680;3.902109;0.487820
0.690;3.905851;0.444219
0.700;3.910219;0.397942
0.710;3.915724;0.349992
0.720;3.922751;0.301618
0.730;3.931429;0.254062
0.740;3.941512;0.208443
0.750;3.952364;0.165767
0.760;3.963062;0.127011
0.770;3.972599;0.093159
0.780;3.980085;0.065091
0.790;3.984891;0.043270
0.800;3.986717;0.027352
0.810;3.985616;0.015932
0.820;3.982034;0.006639
0.830;3.976842;-0.003354
0.840;3.971315;-0.016610
0.850;3.966975;-0.034733
0.860;3.965270;-0.057975
0.870;3.967156;-0.085231
0.880;3.972786;-0.114425
0.890;3.981475;-0.143154
0.900;3.992019;-0.169388
0.910;4.003237;-0.191952
0.920;4.014493;-0.210634
0.930;4.025953;-0.225909
0.940;4.038465;-0.238450
0.950;4.053169;-0.248658
0.960;4.071017;-0.256387
0.970;4.092436;-0.260965
0.980;4.117234;-0.261477
0.990;4.144720;-0.257159
1.000;4.173920;-0.247754
1.010;4.203772;-0.233707
1.020;4.233286;-0.216216
1.030;4.261702;-0.197158
1.040;4.288676;-0.178884
1.050;4.314391;-0.163883
1.060;4.339505;-0.154296
1.070;4.364863;-0.151387
1.080;4.391063;-0.155116
1.090;4.418058;-0.163999
1.100;4.444956;-0.175363
1.110;4.470137;-0.185936
1.120;4.491641;-0.192599
1.130;4.507657;-0.193010
1.140;4.516976;-0.185947
1.150;4.519243;-0.171308
1.160;4.514941;-0.149867
1.170;4.505121;-0.122904
1.180;4.490974;-0.091832
1.190;4.473431;-0.057892
1.200;4.452991;-0.021967
1.210;4.429798;0.015445
1.220;4.403911;0.054118
1.230;4.375527;0.093943
1.240;4.345044;0.134833
1.250;4.312905;0.176771
1.260;4.279414;0.219941
1.270;4.244637;0.264842
1.280;4.208481;0.312299
1.290;4.170884;0.363351
1.300;4.132005;0.419061
1.310;4.092356;0.480235
1.320;4.052862;0.547103
1.330;4.014869;0.619057
1.340;3.980076;0.694575
1.350;3.950343;0.771406
1.360;3.927368;0.846998
1.370;3.912335;0.919042
1.380;3.905683;0.985954
1.390;3.907126;1.047111
1.400;3.915911;1.102779
1.410;3.931185;1.153777
1.420;3.952300;1.201066
1.430;3.978921;1.245405
1.440;4.010927;1.287176
1.450;4.048151;1.326354
1.460;4.090068;1.362590
1.470;4.135593;1.395360
1.480;4.183106;1.424157
1.490;4.230730;1.448665
1.500;4.276758;1.468858
1.510;4.320085;1.485013
1.520;4.360440;1.497677
1.530;4.398351;1.507645
1.540;4.434827;1.515936
1.550;4.470923;1.523723
1.560;4.507362;1.532191
1.570;4.544371;1.542350
1.580;4.581742;1.554863
1.590;4.619043;1.569927
1.600;4.655838;1.587261
1.610;4.691825;1.606189
1.620;4.726854;1.625795
1.630;4.760816;1.645082
1.640;4.793480;1.663100
1.650;4.824346;1.679055
1.660;4.852618;1.692401
1.670;4.877314;1.702921
1.680;4.897499;1.710766
1.690;4.912543;1.716440
1.700;4.922305;1.720699
1.710;4.927143;1.724339
1.720;4.927759;1.727899
1.730;4.924984;1.731336
1.740;4.919610;1.733848
1.750;4.912359;1.733969
1.760;4.903928;1.729929
1.770;4.895056;1.720172
1.780;4.886501;1.703826
1.790;4.878904;1.680938
1.800;4.872588;1.652416
1.810;4.867389;1.619734
1.820;4.862610;1.584527
1.830;4.857119;1.548178
1.840;4.849550;1.511485
1.850;4.838548;1.474461
1.860;4.823028;1.436361
1.870;4.802418;1.395957
1.880;4.776852;1.352035
1.890;4.747246;1.303979
1.900;4.715186;1.252214
1.910;4.682607;1.198311
1.920;4.651345;1.144684
1.930;4.622709;1.093999
1.940;4.597216;1.048550
1.950;4.574588;1.009785
1.960;4.553988;0.978136
1.970;4.534431;0.953150
1.980;4.515219;0.933846
1.990;4.496304;0.919147
2.000;4.478430;0.908276
2.010;4.463006;0.900992
2.020;4.451702;0.897603
2.030;4.445889;0.898723
2.040;4.446085;0.904847
2.050;4.451590;0.915891
2.060;4.460423;0.930912
2.070;4.469602;0.948135
2.080;4.475701;0.965303
2.090;4.475557;0.980208
2.100;4.466960;0.991206
2.110;4.449154;0.997526
2.120;4.423023;0.999304
2.130;4.390901;0.997361
2.140;4.356043;0.992871
2.150;4.321894;0.987041
2.160;4.291359;0.980913
2.170;4.266291;0.975311
2.180;4.247331;0.970881
2.190;4.234088;0.968127
2.200;4.225547;0.967382
2.210;4.220531;0.968679
2.220;4.218083;0.971646
2.230;4.217670;0.975497
2.240;4.219177;0.979203
2.250;4.222745;0.981748
2.260;4.228552;0.982370
2.270;4.236688;0.980671
2.280;4.247181;0.976603
2.290;4.260136;0.970414
2.300;4.275883;0.962602
2.310;4.294998;0.953919
2.320;4.318157;0.945386
2.330;4.345862;0.938265
2.340;4.378137;0.933941
2.350;4.414348;0.933698
2.360;4.453228;0.938461
2.370;4.493102;0.948597
2.380;4.532178;0.963853
2.390;4.568768;0.983471
2.400;4.601386;1.006423
2.410;4.628796;1.031688
2.420;4.650054;1.058447
2.430;4.664600;1.086136
2.440;4.672358;1.114330
2.450;4.673815;1.142602
2.460;4.670003;1.170460
2.470;4.662356;1.197417
2.480;4.652452;1.223174
2.490;4.641729;1.247801
2.500;4.631263;1.271824
2.510;4.621706;1.296141
2.520;4.613388;1.321764
2.530;4.606517;1.349502
2.540;4.601350;1.379724
2.550;4.598201;1.412282
2.560;4.597267;1.446599
2.570;4.598406;1.481868
2.580;4.601037;1.517254
2.590;4.604261;1.552045
2.600;4.607182;1.585685
2.610;4.609282;1.617744
2.620;4.610684;1.647864
2.630;4.612189;1.675757
2.640;4.615056;1.701256
2.650;4.620625;1.724379
2.660;4.629935;1.745338
2.670;4.643481;1.764440
2.680;4.661149;1.781895
2.690;4.682304;1.797661
2.700;4.705955;1.811413
2.710;4.730967;1.822674
2.720;4.756291;1.831047
2.730;4.781129;1.836416
2.740;4.804996;1.839024
2.750;4.827658;1.839389
2.760;4.849011;1.838095
2.770;4.868977;1.835546
2.780;4.887423;1.831784
2.790;4.904172;1.826404
2.800;4.919083;1.818620
2.810;4.932189;1.807484
2.820;4.943768;1.792243
2.830;4.954286;1.772723
2.840;4.964194;1.749569
2.850;4.973701;1.724200
2.860;4.982620;1.698459
2.870;4.990384;1.674133
2.880;4.996203;1.652562
2.890;4.999291;1.634450
2.900;4.999045;1.619866
2.910;4.995088;1.608368
2.920;4.987169;1.599160
2.930;4.974999;1.591236
2.940;4.958130;1.583483
2.950;4.935971;1.574766
2.960;4.907954;1.564040
2.970;4.873759;1.550512
2.980;4.833486;1.533778
2.990;4.787701;1.513880
3.000;4.737347;1.491222
3.010;4.683537;1.466395
3.020;4.627321;1.440043
3.030;4.569518;1.412826
3.040;4.510657;1.385475
3.050;4.451025;1.358867
3.060;4.390757;1.334021
3.070;4.329942;1.312000
3.080;4.268725;1.293748
3.090;4.207437;1.279914
3.100;4.146720;1.270726
3.110;4.087572;1.265943
3.120;4.031265;1.264918
3.130;3.979124;1.266752
3.140;3.932267;1.270496
3.150;3.891403;1.275319
3.160;3.856743;1.280590
3.170;3.827990;1.285849
3.180;3.804331;1.290732
3.190;3.784448;1.294919
3.200;3.766624;1.298173
3.210;3.749026;1.300475
3.220;3.730167;1.302154
3.230;3.709391;1.303887
3.240;3.687159;1.306526
3.250;3.664975;1.310795
3.260;3.644942;1.317007
3.270;3.629136;1.324911
3.280;3.619042;1.333709
3.290;3.615262;1.342232
3.300;3.617544;1.349243
3.310;3.625023;1.353824
3.320;3.636470;1.355757
3.330;3.650397;1.355793
3.340;3.665007;1.355689
3.350;3.678089;1.357951
3.360;3.686995;1.365279
3.370;3.688844;1.379824
3.380;3.680923;1.402437
3.390;3.661200;1.432170
3.400;3.628748;1.466283
3.410;3.583923;1.500859
3.420;3.528235;1.531857
3.430;3.463954;1.556204
3.440;3.393582;1.572489
3.450;3.319393;1.581037
3.460;3.243196;1.583461
3.470;3.166392;1.581953
3.480;3.090258;1.578652
3.490;3.016263;1.575256
3.500;2.946248;1.572924
3.510;2.882336;1.572347
3.520;2.826622;1.573852
3.530;2.780740;1.577471
3.540;2.745498;1.582959
3.550;2.720696;1.589830
3.560;2.705196;1.597393
3.570;2.697221;1.604811
3.580;2.694760;1.611205
3.590;2.695942;1.615832
3.600;2.699279;1.618278
3.610;2.703708;1.618591
3.620;2.708474;1.617247
3.630;2.712962;1.614935
3.640;2.716613;1.612264
3.650;2.718987;1.609552
3.660;2.719947;1.606814
3.670;2.719833;1.603928
3.680;2.719531;1.600798
3.690;2.720428;1.597400
3.700;2.724277;1.593711
3.710;2.733035;1.589673
3.720;2.748720;1.585265
3.730;2.773253;1.580640
3.740;2.808280;1.576188
3.750;2.854932;1.572452
3.760;2.913562;1.569921
3.770;2.983532;1.568802
3.780;3.063178;1.568844
3.790;3.149993;1.569278
3.800;3.240993;1.568909
3.810;3.333158;1.566381
3.820;3.423777;1.560594
3.830;3.510647;1.551141
3.840;3.592104;1.538607
3.850;3.666989;1.524556
3.860;3.734612;1.511144
3.870;3.794725;1.500470
3.880;3.847453;1.493917
3.890;3.893145;1.491748
3.900;3.932136;1.493089
3.910;3.964533;1.496223
3.920;3.990130;1.499080
3.930;4.008516;1.499761
3.940;4.019332;1.496981
3.950;4.022513;1.490316
3.960;4.018416;1.480204
3.970;4.007755;1.467773
3.980;3.991461;1.454557
3.990;3.970579;1.442202
4.000;3.946281;1.432176
4.010;3.919955;1.425507
4.020;3.893208;1.422602
4.030;3.867688;1.423200
4.040;3.844762;1.426488
4.050;3.825196;1.431365
4.060;3.809029;1.436754
4.070;3.795701;1.441869
4.080;3.784336;1.446339
4.090;3.773994;1.450171
4.100;3.763754;1.453571
4.110;3.752626;1.456727
4.120;3.739404;1.459604
4.130;3.722636;1.461847
4.140;3.700804;1.462844
4.150;3.672699;1.461993
4.160;3.637834;1.459060
4.170;3.596718;1.454451
4.180;3.550862;1.449182
4.190;3.502491;1.444509
4.200;3.454032;1.441404
4.210;3.407513;1.440161
4.220;3.364073;1.440333
4.230;3.323726;1.441042
4.240;3.285455;1.441509
4.250;3.247597;1.441534
4.260;3.208412;1.441703
4.270;3.166680;1.443217
4.280;3.122174;1.447442
4.290;3.075857;1.455436
4.300;3.029728;1.467710
4.310;2.986377;1.484277
4.320;2.948406;1.504902
4.330;2.917944;1.529335
4.340;2.896420;1.557437
4.350;2.884635;1.589181
4.360;2.883057;1.624552
4.370;2.892124;1.663419
4.380;2.912372;1.705428
4.390;2.944269;1.749983
4.400;2.987799;1.796296
4.410;3.042013;1.843479
4.420;3.104820;1.890638
4.430;3.173180;1.936990
4.440;3.243662;1.981962
4.450;3.313164;2.025234
4.460;3.379479;2.066653
4.470;3.441486;2.106039
4.480;3.498931;2.142994
4.490;3.551990;2.176845
4.500;3.600820;2.206827
4.510;3.645290;2.232441
4.520;3.684949;2.253805
4.530;3.719203;2.271754
4.540;3.747592;2.287596
4.550;3.770032;2.302598
4.560;3.786896;2.317490
4.570;3.798919;2.332242
4.580;3.806987;2.346238
4.590;3.811956;2.358719
4.600;3.814570;2.369225
4.610;3.815497;2.377791
4.620;3.815435;2.384841
4.630;3.815247;2.390902
4.640;3.816084;2.396363
4.650;3.819423;2.401423
4.660;3.826949;2.406230
4.670;3.840263;2.411069
4.680;3.860495;2.416445
4.690;3.887958;2.422998
4.700;3.921988;2.431316
4.710;3.961034;2.441789
4.720;4.003011;2.454560
4.730;4.045795;2.469590
4.740;4.087703;2.486762
4.750;4.127783;2.505941
4.760;4.165849;2.526956
4.770;4.202260;2.549497
4.780;4.237595;2.572992
4.790;4.272348;2.596600
4.800;4.306791;2.619396
4.810;4.340996;2.640710
4.820;4.374983;2.660473
4.830;4.408858;2.679348
4.840;4.442876;2.698606
4.850;4.477428;2.719786
4.860;4.512981;2.744304
4.870;4.549976;2.773095
4.880;4.588684;2.806372
4.890;4.629017;2.843560
4.900;4.670375;2.883452
4.910;4.711626;2.924547
4.920;4.751277;2.965459
4.930;4.787823;3.005214
4.940;4.820153;3.043348
4.950;4.847846;3.079805
4.960;4.871256;3.114736
4.970;4.891327;3.148301
4.980;4.909265;3.180525
4.990;4.926180;3.211215
5.000;4.942858;3.239960
5.010;4.959647;3.266189
5.020;4.976446;3.289291
5.030;4.992735;3.308735
5.040;5.007638;3.324138
5.050;5.020017;3.335242
5.060;5.028571;3.341803
5.070;5.031923;3.343479
5.080;5.028715;3.339791
5.090;5.017733;3.330239
5.100;4.998053;3.314560
5.110;4.969167;3.293009
5.120;4.931009;3.266488
5.130;4.883899;3.236392
5.140;4.828430;3.204182
5.150;4.765391;3.170857
5.160;4.695735;3.136571
5.170;4.620569;3.100554
5.180;4.541136;3.061391
5.190;4.458786;3.017521
5.200;4.374938;2.967740
5.210;4.291052;2.911513
5.220;4.208570;2.849038
5.230;4.128839;2.781154
5.240;4.053037;2.709168
5.250;3.982138;2.634698
5.260;3.916924;2.559506
5.270;3.858000;2.485307
5.280;3.805752;2.413554
5.290;3.760237;2.345210
5.300;3.721071;2.280586
5.310;3.687371;2.219323
5.320;3.657819;2.160569
5.330;3.630863;2.103309
5.340;3.605006;2.046702
5.350;3.579048;1.990307
5.360;3.552198;1.934126
5.370;3.524018;1.878517
5.380;3.494259;1.824079
5.390;3.462722;1.771603
5.400;3.429190;1.722078
5.410;3.393453;1.676624
5.420;3.355363;1.636250
5.430;3.314887;1.601473
5.440;3.272152;1.571982
5.450;3.227489;1.546578
5.460;3.181454;1.523490
5.470;3.134798;1.500949
5.480;3.088391;1.477736
5.490;3.043111;1.453446
5.500;2.999746;1.428376
5.510;2.958950;1.403155
5.520;2.921271;1.378368
5.530;2.887242;1.354370
5.540;2.857499;1.331322
5.550;2.832854;1.309382
5.560;2.814290;1.288916
5.570;2.802848;1.270601
5.580;2.799484;1.255361
5.590;2.804913;1.244143
5.600;2.819490;1.237639
5.610;2.843115;1.236062
5.620;2.875169;1.239040
5.630;2.914546;1.245638
5.640;2.959785;1.254529
5.650;3.009293;1.264292
5.660;3.061610;1.273785
5.670;3.115670;1.282483
5.680;3.171023;1.290622
5.690;3.227955;1.299091
5.700;3.287411;1.309079
5.710;3.350671;1.321621
5.720;3.418796;1.337220
5.730;3.492020;1.355684
5.740;3.569347;1.376236
5.750;3.648539;1.397790
5.760;3.726528;1.419264
5.770;3.800081;1.439800
5.780;3.866442;1.458834
5.790;3.923732;1.476074
5.800;3.971038;1.491463
5.810;4.008253;1.505125
5.820;4.035813;1.517277
5.830;4.054443;1.528126
5.840;4.064944;1.537792
5.850;4.068021;1.546301
5.860;4.064114;1.553635
5.870;4.053271;1.559801
5.880;4.035091;1.564876
5.890;4.008789;1.568968
5.900;3.973406;1.572109
5.910;3.928142;1.574114
5.920;3.872776;1.574555
5.930;3.808029;1.572906
5.940;3.735734;1.568853
5.950;3.658699;1.562614
5.960;3.580300;1.555149
5.970;3.503980;1.548147
5.980;3.432810;1.543755
5.990;3.369263;1.544088
6.000;3.315158;1.550671
6.010;3.271722;1.564021
6.020;3.239619;1.583519
6.030;3.218888;1.607625
6.040;3.208794;1.634364
6.050;3.207669;1.661895
6.060;3.212906;1.688933
6.070;3.221206;1.714878
6.080;3.229077;1.739637
6.090;3.233488;1.763282
6.100;3.232429;1.785754
6.110;3.225199;1.806762
6.120;3.212251;1.825893
6.130;3.194671;1.842824
6.140;3.173481;1.857503
6.150;3.149111;1.870194
6.160;3.121272;1.881398
6.170;3.089274;1.891703
6.180;3.052558;1.901644
6.190;3.011129;1.911593
6.200;2.965652;1.921695
6.210;2.917207;1.931820
6.220;2.866888;1.941560
6.230;2.815523;1.950281
6.240;2.763699;1.957232
6.250;2.712065;1.961739
6.260;2.661701;1.963435
6.270;2.614328;1.962450
6.280;2.572165;1.959446
6.290;2.537474;1.955450
6.300;2.511956;1.951568
6.310;2.496273;1.948712
6.320;2.489906;1.947476
6.330;2.491380;1.948121
6.340;2.498749;1.950615
6.350;2.510107;1.954658
6.360;2.523958;1.959709
6.370;2.539375;1.965081
6.380;2.555958;1.970046
6.390;2.573668;1.973915
6.400;2.592573;1.976038
6.410;2.612593;1.975795
6.420;2.633357;1.972634
6.430;2.654268;1.966176
6.440;2.674754;1.956353
6.450;2.694556;1.943493
6.460;2.713851;1.928343
6.470;2.733093;1.911974
6.480;2.752599;1.895575
6.490;2.772054;1.880154
6.500;2.790197;1.866258
6.510;2.804871;1.853849
6.520;2.813509;1.842407
6.530;2.813875;1.831173
6.540;2.804757;1.819449
6.550;2.786294;1.806830
6.560;2.759787;1.793352
6.570;2.727149;1.779523
6.580;2.690274;1.766241
6.590;2.650604;1.754592
6.600;2.609023;1.745608
6.610;2.566041;1.740029
6.620;2.522094;1.738157
6.630;2.477824;1.739810
6.640;2.434206;1.744408
6.650;2.392534;1.751174
6.660;2.354290;1.759406
6.670;2.320989;1.768710
6.680;2.294004;1.779123
6.690;2.274414;1.791045
6.700;2.262854;1.805037
6.710;2.259449;1.821574
6.720;2.263809;1.840898
6.730;2.275093;1.863028
6.740;2.292053;1.887861
6.750;2.313068;1.915276
6.760;2.336165;1.945159
6.770;2.359100;1.977355
6.780;2.379556;2.011616
6.790;2.395472;2.047564
6.800;2.405398;2.084671
6.810;2.408738;2.122219
6.820;2.405736;2.159264
6.830;2.397208;2.194660
6.840;2.384168;2.227162
6.850;2.367552;2.255608
6.860;2.348164;2.279065
6.870;2.326824;2.296888
6.880;2.304581;2.308689
6.890;2.282846;2.314263
6.900;2.263339;2.313589
6.910;2.247848;2.306911
6.920;2.237873;2.294871
6.930;2.234257;2.278586
6.940;2.236941;2.259582
6.950;2.244937;2.239594
6.960;2.256547;2.220304
6.970;2.269761;2.203122
6.980;2.282732;2.189032
6.990;2.294159;2.178480
7.000;2.303499;2.171258
7.010;2.310948;2.166443
7.020;2.317221;2.162476
7.030;2.323228;2.157459
7.040;2.329736;2.149607
7.050;2.337143;2.137702
7.060;2.345424;2.121314
7.070;2.354309;2.100754
7.080;2.363559;2.076848
7.090;2.373197;2.050691
7.100;2.383515;2.023446
7.110;2.394812;1.996204
7.120;2.407009;1.969856
7.130;2.419367;1.944977
7.140;2.430523;1.921770
7.150;2.438910;1.900103
7.160;2.443380;1.879639
7.170;2.443744;1.860014
7.180;2.440950;1.840975
7.190;2.436820;1.822457
7.200;2.433464;1.804593
7.210;2.432640;1.787708
7.220;2.435312;1.772274
7.230;2.441533;1.758852
7.240;2.450634;1.747986
7.250;2.461581;1.740069
7.260;2.473384;1.735206
7.270;2.485411;1.733103
7.280;2.497546;1.733040
7.290;2.510168;1.733957
7.300;2.524045;1.734646
7.310;2.540210;1.734028
7.320;2.559855;1.731421
7.330;2.584214;1.726700
7.340;2.614386;1.720285
7.350;2.651098;1.712936
7.360;2.694432;1.705445
7.370;2.743616;1.698350
7.380;2.796961;1.691794
7.390;2.852036;1.685556
7.400;2.906056;1.679196
7.410;2.956340;1.672238
7.420;3.000691;1.664302
7.430;3.037596;1.655140
7.440;3.066282;1.644567
7.450;3.086695;1.632371
7.460;3.099464;1.618272
7.470;3.105812;1.601961
7.480;3.107403;1.583209
7.490;3.106073;1.562025
7.500;3.103496;1.538772
7.510;3.100899;1.514170
7.520;3.098936;1.489118
7.530;3.097766;1.464413
7.540;3.097250;1.440489
7.550;3.097168;1.417345
7.560;3.097356;1.394658
7.570;3.097731;1.372005
7.580;3.098271;1.349069
7.590;3.099003;1.325730
7.600;3.100050;1.302011
7.610;3.101723;1.277976
7.620;3.104595;1.253661
7.630;3.109494;1.229141
7.640;3.117382;1.204673
7.650;3.129177;1.180819
7.660;3.145626;1.158388
7.670;3.167281;1.138199
7.680;3.194528;1.120744
7.690;3.227578;1.105920
7.700;3.266377;1.092928
7.710;3.310494;1.080413
7.720;3.359100;1.066793
7.730;3.411089;1.050662
7.740;3.465306;1.031119
7.750;3.520768;1.007928
7.760;3.576762;0.981463
7.770;3.632774;0.952529
7.780;3.688349;0.922150
7.790;3.742991;0.891419
7.800;3.796169;0.861397
7.810;3.847425;0.833036
7.820;3.896487;0.807128
7.830;3.943314;0.784261
7.840;3.988053;0.764781
7.850;4.030951;0.748760
7.860;4.072281;0.735971
7.870;4.112317;0.725881
7.880;4.151373;0.717706
7.890;4.189820;0.710531
7.900;4.228034;0.703488
7.910;4.266245;0.695923
7.920;4.304381;0.687487
7.930;4.341974;0.678134
7.940;4.378212;0.668064
7.950;4.412097;0.657650
7.960;4.442668;0.647384
7.970;4.469216;0.637836
7.980;4.491440;0.629591
7.990;4.509519;0.623120
8.000;4.524058;0.618578
8.010;4.535945;0.615607
8.020;4.546184;0.613261
8.030;4.555773;0.610135
8.040;4.565640;0.604681
8.050;4.576590;0.595609
8.060;4.589252;0.582235
8.070;4.604011;0.564659
8.080;4.620950;0.543736
8.090;4.639827;0.520873
8.100;4.660109;0.497717
8.110;4.681068;0.475836
8.120;4.701915;0.456465
8.130;4.721941;0.440365
8.140;4.740607;0.427792
8.150;4.757584;0.418582
8.160;4.772713;0.412331
8.170;4.785888;0.408602
8.180;4.796845;0.407041
8.190;4.804932;0.407361
8.200;4.808944;0.409174
8.210;4.807123;0.411784
8.220;4.797324;0.414052
8.230;4.777330;0.414431
8.240;4.745248;0.411233
8.250;4.699883;0.403069
8.260;4.640985;0.389310
8.270;4.569284;0.370382
8.280;4.486335;0.347748
8.290;4.394261;0.323590
8.300;4.295537;0.300332
8.310;4.192892;0.280183
8.320;4.089339;0.264811
8.330;3.988207;0.255167
8.340;3.893064;0.251427
8.350;3.807439;0.253041
8.360;3.734379;0.258914
8.370;3.675960;0.267720
8.380;3.632940;0.278268
8.390;3.604707;0.289794
8.400;3.589586;0.302049
8.410;3.585404;0.315182
8.420;3.590092;0.329468
8.430;3.602106;0.345017
8.440;3.620564;0.361587
8.450;3.645100;0.378596
8.460;3.675566;0.395293
8.470;3.711703;0.410990
8.480;3.752893;0.425224
8.490;3.798046;0.437807
8.500;3.845630;0.448805
8.510;3.893769;0.458506
8.520;3.940391;0.467385
8.530;3.983378;0.476015
8.540;4.020736;0.484929
8.550;4.050766;0.494476
8.560;4.072227;0.504758
8.570;4.084496;0.515709
8.580;4.087651;0.527220
8.590;4.082434;0.539259
8.600;4.070035;0.551863
8.610;4.051767;0.565063
8.620;4.028719;0.578790
8.630;4.001525;0.592851
8.640;3.970340;0.607014
8.650;3.935040;0.621137
8.660;3.895578;0.635298
8.670;3.852350;0.649838
8.680;3.806381;0.665319
8.690;3.759270;0.682416
8.700;3.712876;0.701767
8.710;3.668898;0.723834
8.720;3.628517;0.748791
8.730;3.592212;0.776491
8.740;3.559802;0.806497
8.750;3.530646;0.838158
8.760;3.503955;0.870699
8.770;3.479065;0.903308
8.780;3.455616;0.935236
8.790;3.433573;0.965927
8.800;3.413099;0.995117
8.810;3.394331;1.022868
8.820;3.377142;1.049502
8.830;3.361009;1.075481
8.840;3.345106;1.101289
8.850;3.328630;1.127340
8.860;3.311265;1.153904
8.870;3.293540;1.181018
8.880;3.276849;1.208376
8.890;3.263067;1.235258
8.900;3.253899;1.260598
8.910;3.250294;1.283206
8.920;3.252172;1.302106
8.930;3.258558;1.316809
8.940;3.267998;1.327414
8.950;3.279061;1.334522
8.960;3.290739;1.339035
8.970;3.302670;1.341970
8.980;3.315202;1.344315
8.990;3.329322;1.346914
9.000;3.346469;1.350367
9.010;3.368235;1.354943
9.020;3.395977;1.360525
9.030;3.430455;1.366587
9.040;3.471595;1.372243
9.050;3.518467;1.376425
9.060;3.569442;1.378168
9.070;3.622515;1.376937
9.080;3.675698;1.372835
9.090;3.727383;1.366621
9.100;3.776589;1.359480
9.110;3.823017;1.352649
9.120;3.866934;1.347041
9.130;3.908968;1.343039
9.140;3.949862;1.340516
9.150;3.990253;1.339062
9.160;4.030442;1.338297
9.170;4.070187;1.338137
9.180;4.108562;1.338882
9.190;4.143978;1.341074
9.200;4.174407;1.345173
9.210;4.197734;1.351246
9.220;4.212134;1.358818
9.230;4.216364;1.366987
9.240;4.209879;1.374702
9.250;4.192798;1.381058
9.260;4.165762;1.385461
9.270;4.129782;1.387667
9.280;4.086152;1.387732
9.290;4.036430;1.385959
9.300;3.982465;1.382874
9.310;3.926384;1.379216
9.320;3.870494;1.375925
9.330;3.817113;1.374079
9.340;3.768350;1.374768
9.350;3.725894;1.378918
9.360;3.690881;1.387077
9.370;3.663877;1.399253
9.380;3.644983;1.414851
9.390;3.633981;1.432768
9.400;3.630421;1.451651
9.410;3.633619;1.470259
9.420;3.642596;1.487799
9.430;3.656067;1.504124
9.440;3.672537;1.519711
9.450;3.690520;1.535442
9.460;3.708821;1.552302
9.470;3.726732;1.571102
9.480;3.744042;1.592306
9.490;3.760822;1.615964
9.500;3.777110;1.641750
9.510;3.792641;1.669078
9.520;3.806757;1.697240
9.530;3.818508;1.725511
9.540;3.826875;1.753208
9.550;3.831038;1.779669
9.560;3.830609;1.804220
9.570;3.825780;1.826193
9.580;3.817348;1.845058
9.590;3.806542;1.860665
9.600;3.794671;1.873442
9.610;3.782667;1.884400
9.620;3.770717;1.894868
9.630;3.758150;1.906022
9.640;3.743613;1.918397
9.650;3.725436;1.931591
9.660;3.702048;1.944296
9.670;3.672324;1.954741
9.680;3.635805;1.961417
9.690;3.592779;1.963771
9.700;3.544173;1.962509
9.710;3.491308;1.959349
9.720;3.435604;1.956369
9.730;3.378372;1.955309
9.740;3.320742;1.957116
9.750;3.263714;1.961843
9.760;3.208261;1.968843
9.770;3.155421;1.977101
9.780;3.106303;1.985565
9.790;3.061996;1.993389
9.800;3.023424;2.000048
9.810;2.991219;2.005355
9.820;2.965643;2.009405
9.830;2.946560;2.012451
9.840;2.933402;2.014717
9.850;2.925112;2.016227
9.860;2.920118;2.016770
9.870;2.916411;2.016056
9.880;2.911797;2.013985
9.890;2.904273;2.010861
9.900;2.892401;2.007409
9.910;2.875541;2.004584
9.920;2.853862;2.003285
9.930;2.828163;2.004090
9.940;2.799569;2.007106
9.950;2.769215;2.011982
9.960;2.737975;2.018035
9.970;2.706304;2.024400
9.980;2.674229;2.030125
9.990;2.641485;2.034224
10.000;2.607812;2.035729
10.010;2.573356;2.033852
10.020;2.539049;2.028229
10.030;2.506765;2.019157
10.040;2.479109;2.007680
10.050;2.458822;1.995416
10.060;2.448014;1.984182
10.070;2.447519;1.975545
10.080;2.456628;1.970463
10.090;2.473293;1.969163
10.100;2.494706;1.971238
10.110;2.518019;1.975930
10.120;2.540995;1.982444
10.130;2.562376;1.990182
10.140;2.581924;1.998813
10.150;2.600145;2.008177
10.160;2.617883;2.018098
10.170;2.635980;2.028192
10.180;2.655151;2.037768
10.190;2.676094;2.045846
10.200;2.699653;2.051306
10.210;2.726809;2.053126
10.220;2.758347;2.050644
10.230;2.794249;2.043730
10.240;2.833049;2.032842
10.250;2.871509;2.018933
10.260;2.904860;2.003273
10.270;2.927627;1.987215
10.280;2.934786;1.971946
10.290;2.922888;1.958247
10.300;2.890819;1.946278
10.310;2.840005;1.935470
10.320;2.774011;1.924638
10.330;2.697653;1.912343
10.340;2.615904;1.897430
10.350;2.532969;1.879465
10.360;2.451841;1.858857
10.370;2.374463;1.836601
10.380;2.302332;1.813809
10.390;2.237155;1.791306
10.400;2.181187;1.769454
10.410;2.137095;1.748261
10.420;2.107436;1.727690
10.430;2.094070;1.707984
10.440;2.097779;1.689839
10.450;2.118231;1.674336
10.460;2.154226;1.662643
10.470;2.204023;1.655644
10.480;2.265555;1.653609
10.490;2.336452;1.656021
10.500;2.413966;1.661609
10.510;2.494960;1.668605
10.520;2.576132;1.675210
10.530;2.654482;1.680116
10.540;2.727856;1.682898
10.550;2.795314;1.684064
10.560;2.857133;1.684738
10.570;2.914448;1.686089
10.580;2.968663;1.688810
10.590;3.020857;1.692852
10.600;3.071340;1.697527
10.610;3.119458;1.701850
10.620;3.163709;1.704907
10.630;3.202140;1.706065
10.640;3.232976;1.705028
10.650;3.255323;1.701813
10.660;3.269707;1.696728
10.670;3.278180;1.690347
10.680;3.283853;1.683408
10.690;3.289976;1.676594
10.700;3.298911;1.670279
10.710;3.311428;1.664362
10.720;3.326582;1.658300
10.730;3.342203;1.651305
10.740;3.355758;1.642595
10.750;3.365269;1.631613
10.760;3.369993;1.618165
10.770;3.370668;1.602466
10.780;3.369324;1.585081
10.790;3.368729;1.566767
10.800;3.371643;1.548264
10.810;3.380096;1.530114
10.820;3.394920;1.512575
10.830;3.415636;1.495647
10.840;3.440704;1.479171
10.850;3.468000;1.462921
10.860;3.495372;1.446651
10.870;3.521125;1.430108
10.880;3.544319;1.413035
10.890;3.564794;1.395191
10.900;3.582952;1.376364
10.910;3.599377;1.356388
10.920;3.614459;1.335152
10.930;3.628172;1.312654
10.940;3.640078;1.289064
10.950;3.649530;1.264749
10.960;3.655961;1.240179
10.970;3.659135;1.215725
10.980;3.659240;1.191447
10.990;3.656810;1.167016
11.000;3.652559;1.141845
11.010;3.647216;1.115336
11.020;3.641445;1.087078
11.030;3.635842;1.056873
11.040;3.630968;1.024638
11.050;3.627388;0.990325
11.060;3.625636;0.953949
11.070;3.626099;0.915663
11.080;3.628807;0.875807
11.090;3.633221;0.834817
11.100;3.638145;0.793041
11.110;3.641852;0.750561
11.120;3.642416;0.707164
11.130;3.638156;0.662510
11.140;3.628063;0.616400
11.150;3.612087;0.569031
11.160;3.591195;0.521097
11.170;3.567162;0.473724
11.180;3.542171;0.428262
11.190;3.518376;0.386042
11.200;3.497571;0.348174
11.210;3.481035;0.315463
11.220;3.469515;0.288418
11.230;3.463282;0.267319
11.240;3.462193;0.252288
11.250;3.465770;0.243311
11.260;3.473319;0.240192
11.270;3.484076;0.242492
11.280;3.497353;0.249461
11.290;3.512630;0.260000
11.300;3.529616;0.272673
11.310;3.548332;0.285786
11.320;3.569214;0.297556
11.330;3.593162;0.306374
11.340;3.621390;0.311110
11.350;3.655074;0.311364
11.360;3.694902;0.307520
11.370;3.740740;0.300573
11.380;3.791606;0.291760
11.390;3.845980;0.282163
11.400;3.902336;0.272417
11.410;3.959620;0.262618
11.420;4.017455;0.252427
11.430;4.075984;0.241308
11.440;4.135452;0.228794
11.450;4.195771;0.214701
11.460;4.256263;0.199219
11.470;4.315698;0.182873
11.480;4.372589;0.166361
11.490;4.425601;0.150361
11.500;4.473950;0.135363
11.510;4.517653;0.121575
11.520;4.557571;0.108907
11.530;4.595182;0.097036
11.540;4.632136;0.085544
11.550;4.669746;0.074138
11.560;4.708603;0.062885
11.570;4.748477;0.052355
11.580;4.788526;0.043552
11.590;4.827709;0.037626
11.600;4.865196;0.035469
11.610;4.900583;0.037345
11.620;4.933836;0.042746
11.630;4.965054;0.050551
11.640;4.994205;0.059423
11.650;5.021016;0.068246
11.660;5.045064;0.076403
11.670;5.066010;0.083841
11.680;5.083824;0.090969
11.690;5.098893;0.098527
11.700;5.111961;0.107471
11.710;5.123902;0.118888
11.720;5.135419;0.133872
11.730;5.146748;0.153348
11.740;5.157556;0.177889
11.750;5.167079;0.207594
11.760;5.174460;0.242103
11.770;5.179119;0.280706
11.780;5.180961;0.322520
11.790;5.180368;0.366654
11.800;5.177978;0.412386
11.810;5.174382;0.459303
11.820;5.169875;0.507358
11.830;5.164377;0.556792
11.840;5.157554;0.607912
11.850;5.149098;0.660837
11.860;5.139017;0.715306
11.870;5.127777;0.770652
11.880;5.116206;0.825922
11.890;5.105224;0.880111
11.900;5.095523;0.932370
11.910;5.087346;0.982120
11.920;5.080405;1.029040
11.930;5.073954;1.072981
11.940;5.066989;1.113912
11.950;5.058548;1.151929
11.960;5.048009;1.187314
11.970;5.035254;1.220570
11.980;5.020581;1.252376
11.990;5.004411;1.283487
12.000;4.986920;1.314627
12.010;4.967813;1.346441
12.020;4.946346;1.379502
12.030;4.921552;1.414354
12.040;4.892517;1.451543
12.050;4.858558;1.491608
12.060;4.819243;1.535001
12.070;4.774283;1.581955
12.080;4.723398;1.632347
12.090;4.666224;1.685641
12.100;4.602344;1.740956
12.110;4.531493;1.797205
12.120;4.453862;1.853227
12.130;4.370397;1.907868
12.140;4.282894;1.959990
12.150;4.193797;2.008506
12.160;4.105711;2.052481
12.170;4.020814;2.091324
12.180;3.940376;2.125020
12.190;3.864596;2.154272
12.200;3.792794;2.180482
12.210;3.723835;2.205525
12.220;3.656584;2.231365
12.230;3.590221;2.259599
12.240;3.524385;2.291094
12.250;3.459176;2.325827
12.260;3.395059;2.363016
12.270;3.332718;2.401456
12.280;3.272874;2.439945
12.290;3.216072;2.477659
12.300;3.162482;2.514365
12.310;3.111780;2.550441
12.320;3.063152;2.586695
12.330;3.015471;2.624039
12.340;2.967577;2.663138
12.350;2.918615;2.704130
12.360;2.868330;2.746497
12.370;2.817233;2.789101
12.380;2.766600;2.830376
12.390;2.718275;2.868632
12.400;2.674321;2.902430
12.410;2.636599;2.930936
12.420;2.606373;2.954159
12.430;2.584028;2.972982
12.440;2.568974;2.988943
12.450;2.559713;3.003818
12.460;2.554059;3.019176
12.470;2.549454;3.036041
12.480;2.543385;3.054759
12.490;2.533858;3.075053
12.500;2.519847;3.096207
12.510;2.501555;3.117321
12.520;2.480366;3.137591
12.530;2.458463;3.156577
12.540;2.438224;3.174369
12.550;2.421617;3.191557
12.560;2.409755;3.208993
12.570;2.402718;3.227434
12.580;2.399633;3.247261
12.590;2.398977;3.268434
12.600;2.399037;3.290711
12.610;2.398422;3.314004
12.620;2.396486;3.338646
12.630;2.393509;3.365388
12.640;2.390575;3.395056
12.650;2.389177;3.428065
12.660;2.390705;3.464057
12.670;2.396004;3.501866
12.680;2.405174;3.539813
12.690;2.417619;3.576170
12.700;2.432266;3.609546
12.710;2.447831;3.639075
12.720;2.463044;3.664378
12.730;2.476811;3.685417
12.740;2.488299;3.702317
12.750;2.496983;3.715215
12.760;2.502661;3.724139
12.770;2.505446;3.728938
12.780;2.505708;3.729280
12.790;2.503971;3.724747
12.800;2.500757;3.715030
12.810;2.496447;3.700130
12.820;2.491172;3.680496
12.830;2.484814;3.656981
12.840;2.477102;3.630597
12.850;2.467799;3.602166
12.860;2.456874;3.572027
12.870;2.444590;3.539987
12.880;2.431423;3.505519
12.890;2.417835;3.468096
12.900;2.403991;3.427455
12.910;2.389545;3.383691
12.920;2.373624;3.337169
12.930;2.355040;3.288365
12.940;2.332707;3.237702
12.950;2.306100;3.185461
12.960;2.275578;3.131811
12.970;2.242404;3.076946
12.980;2.208440;3.021290
12.990;2.175624;2.965654
13.000;2.145387;2.911257
13.010;2.118240;2.859559
13.020;2.093687;2.811975
13.030;2.070533;2.769586
13.040;2.047470;2.732974
13.050;2.023749;2.702191
13.060;1.999652;2.676843
13.070;1.976581;2.656259
13.080;1.956683;2.639677
13.090;1.942111;2.626383
13.100;1.934244;2.615739
13.110;1.933169;2.607092
13.120;1.937648;2.599638
13.130;1.945536;2.592302
13.140;1.954451;2.583756
13.150;1.962470;2.572588
13.160;1.968639;2.557594
13.170;1.973154;2.538055
13.180;1.977219;2.513887
13.190;1.982644;2.485636
13.200;1.991389;2.454325
13.210;2.005171;2.421225
13.220;2.025224;2.387596
13.230;2.052132;2.354426
13.240;2.085687;2.322220
13.250;2.124744;2.290883
13.260;2.167206;2.259798
13.270;2.210226;2.228075
13.280;2.250666;2.194871
13.290;2.285732;2.159627
13.300;2.313602;2.122127
13.310;2.333822;2.082384
13.320;2.347345;2.040469
13.330;2.356205;1.996376
13.340;2.362981;1.950001
13.350;2.370231;1.901241
13.360;2.380016;1.850165
13.370;2.393608;1.797178
13.380;2.411375;1.743065
13.390;2.432857;1.688844
13.400;2.456996;1.635484
13.410;2.482445;1.583616
13.420;2.507890;1.533360
13.430;2.532278;1.484342
13.440;2.554942;1.435868
13.450;2.575629;1.387213
13.460;2.594489;1.337930
13.470;2.612072;1.288099
13.480;2.629282;1.238429
13.490;2.647269;1.190164
13.500;2.667195;1.144839
13.510;2.689934;1.103964
13.520;2.715761;1.068761
13.530;2.744153;1.039972
13.540;2.773795;1.017782
13.550;2.802829;1.001823
13.560;2.829282;0.991272
13.570;2.851526;0.985033
13.580;2.868628;0.981968
13.590;2.880435;0.981121
13.600;2.887415;0.981901
13.610;2.890336;0.984159
13.620;2.889932;0.988125
13.630;2.886695;0.994186
13.640;2.880853;1.002584
13.650;2.872494;1.013146
13.660;2.861744;1.025166
13.670;2.848917;1.037482
13.680;2.834595;1.048738
13.690;2.819654;1.057757
13.700;2.805206;1.063919
13.710;2.792430;1.067386
13.720;2.782322;1.069092
13.730;2.775440;1.070457
13.740;2.771766;1.072950
13.750;2.770777;1.077653
13.760;2.771694;1.084972
13.770;2.773817;1.094585
13.780;2.776805;1.105581
13.790;2.780812;1.116716
13.800;2.786407;1.126708
13.810;2.794308;1.134495
13.820;2.805039;1.139427
13.830;2.818652;1.141341
13.840;2.834662;1.140492
13.850;2.852243;1.137350
13.860;2.870617;1.132351
13.870;2.889458;1.125745
13.880;2.909084;1.117647
13.890;2.930317;1.108242
13.900;2.954038;1.097980
13.910;2.980622;1.087551
13.920;3.009516;1.077633
13.930;3.039195;1.068568
13.940;3.067573;1.060157
13.950;3.092695;1.051684
13.960;3.113440;1.042154
13.970;3.129902;1.030638
13.980;3.143309;1.016633
13.990;3.155497;1.000290
14.000;3.168182;0.982455
14.010;3.182321;0.964472
14.020;3.197812;0.947840
14.030;3.213621;0.933834
14.040;3.228265;0.923213
14.050;3.240460;0.916092
14.060;3.249709;0.911981
14.070;3.256598;0.909945
14.080;3.262667;0.908800
14.090;3.269921;0.907326
14.100;3.280187;0.904479
14.110;3.294616;0.899616
14.120;3.313517;0.892685
14.130;3.336537;0.884259
14.140;3.363038;0.875386
14.150;3.392448;0.867280
14.160;3.424456;0.860972
14.170;3.458995;0.857011
14.180;3.496077;0.855334
14.190;3.535563;0.855343
14.200;3.576967;0.856201
14.210;3.619367;0.857196
14.220;3.661474;0.858052
14.230;3.701844;0.859016
14.240;3.739174;0.860710
14.250;3.772586;0.863811
14.260;3.801818;0.868746
14.270;3.827255;0.875537
14.280;3.849789;0.883873
14.290;3.870571;0.893352
14.300;3.890693;0.903747
14.310;3.910889;0.915186
14.320;3.931335;0.928141
14.330;3.951606;0.943256
14.340;3.970796;0.961088
14.350;3.987743;0.981879
14.360;4.001258;1.005444
14.370;4.010333;1.031214
14.380;4.014260;1.058380
14.390;4.012678;1.086103
14.400;4.005538;1.113694
14.410;3.993003;1.140746
14.420;3.975344;1.167184
14.430;3.952882;1.193237
14.440;3.926024;1.219330
14.450;3.895313;1.245919
14.460;3.861432;1.273317
14.470;3.825115;1.301610
14.480;3.787031;1.330722
14.490;3.747735;1.360582
14.500;3.707742;1.391254
14.510;3.667710;1.422891
14.520;3.628604;1.455529
14.530;3.591719;1.488863
14.540;3.558513;1.522175
14.550;3.530283;1.554486
14.560;3.507823;1.584858
14.570;3.491194;1.612700
14.580;3.479728;1.637973
14.590;3.472240;1.661209
14.600;3.467377;1.683370
14.610;3.463947;1.705584
14.620;3.461122;1.728846
14.630;3.458465;1.753782
14.640;3.455828;1.780564
14.650;3.453180;1.809025
14.660;3.450458;1.838904
14.670;3.447502;1.870077
14.680;3.444108;1.902610
14.690;3.440144;1.936583
14.700;3.435659;1.971801
14.710;3.430885;2.007590
14.720;3.426121;2.042844
14.730;3.421524;2.076320
14.740;3.416921;2.107064
14.750;3.411726;2.134772
14.760;3.405022;2.159908
14.770;3.395761;2.183528
14.780;3.383007;2.206851
14.790;3.366152;2.230740
14.800;3.345052;2.255318
14.810;3.320043;2.279871
14.820;3.291850;2.303080
14.830;3.261446;2.323474
14.840;3.229926;2.339880
14.850;3.198406;2.351695
14.860;3.167965;2.358927
14.870;3.139595;2.362076
14.880;3.114196;2.361983
14.890;3.092580;2.359714
14.900;3.075442;2.356451
14.910;3.063253;2.353365
14.920;3.056120;2.351443
14.930;3.053699;2.351317
14.940;3.055256;2.353168
14.950;3.059892;2.356754
14.960;3.066837;2.361539
14.970;3.075694;2.366857
14.980;3.086528;2.372037
14.990;3.099777;2.376435
15.000;3.116022;2.379415
15.010;3.135719;2.380335
15.020;3.158990;2.378602
15.030;3.185605;2.373826
15.040;3.215122;2.365988
15.050;3.247110;2.355530
15.060;3.281320;2.343263
15.070;3.317740;2.330130
15.080;3.356541;2.316923
15.090;3.397940;2.304047
15.100;3.442005;2.291426
15.110;3.488457;2.278559
15.120;3.536535;2.264694
15.130;3.585025;2.249064
15.140;3.632487;2.231116
15.150;3.677621;2.210654
15.160;3.719636;2.187863
15.170;3.758463;2.163199
15.180;3.794748;2.137223
15.190;3.829620;2.110438
15.200;3.864365;2.083213
15.210;3.900116;2.055792
15.220;3.937647;2.028360
15.230;3.977325;2.001107
15.240;4.019168;1.974262
15.250;4.062963;1.948095
15.260;4.108381;1.922929
15.270;4.155026;1.899142
15.280;4.202448;1.877101
15.290;4.250116;1.857005
15.300;4.297395;1.838681
15.310;4.343542;1.821500
15.320;4.387764;1.804480
15.330;4.429334;1.786547
15.340;4.467740;1.766802
15.350;4.502756;1.744682
15.360;4.534421;1.719984
15.370;4.562932;1.692823
15.380;4.588548;1.663559
15.390;4.611541;1.632674
15.400;4.632217;1.600618
15.410;4.650942;1.567668
15.420;4.668131;1.533897
15.430;4.684215;1.499313
15.440;4.699600;1.464097
15.450;4.714665;1.428833
15.460;4.729764;1.394567
15.470;4.745213;1.362657
15.480;4.761221;1.334413
15.490;4.777808;1.310664
15.500;4.794752;1.291414
15.510;4.811592;1.275741
15.520;4.827695;1.261993
15.530;4.842372;1.248239
15.540;4.855006;1.232794
15.550;4.865148;1.214651
15.560;4.872570;1.193645
15.570;4.877281;1.170329
15.580;4.879546;1.145659
15.590;4.879904;1.120639
15.600;4.879146;1.096057
15.610;4.878187;1.072383
15.620;4.877843;1.049822
15.630;4.878629;1.028493
15.640;4.880651;1.008616
15.650;4.883597;0.990626
15.660;4.886803;0.975156
15.670;4.889333;0.962873
15.680;4.890127;0.954261
15.690;4.888245;0.949419
15.700;4.883208;0.947993
15.710;4.875276;0.949303
15.720;4.865501;0.952612
15.730;4.855484;0.957400
15.740;4.846907;0.963495
15.750;4.841048;0.970975
15.760;4.838454;0.979941
15.770;4.838877;0.990295
15.780;4.841482;1.001644
15.790;4.845215;1.013372
15.800;4.849169;1.024852
15.810;4.852797;1.035722
15.820;4.855971;1.046119
15.830;4.858898;1.056713
15.840;4.861970;1.068510
15.850;4.865587;1.082494
15.860;4.869984;1.099298
15.870;4.875102;1.119041
15.880;4.880531;1.141383
15.890;4.885526;1.165688
15.900;4.889123;1.191190
15.910;4.890326;1.217108
15.920;4.888293;1.242725
15.930;4.882471;1.267467
15.940;4.872632;1.290970
15.950;4.858863;1.313108
15.960;4.841526;1.333981
15.970;4.821201;1.353884
15.980;4.798588;1.373248
15.990;4.774339;1.392528
16.000;4.748869;1.412047
16.010;4.722171;1.431867
16.020;4.693720;1.451772
16.030;4.662476;1.471391
16.040;4.627029;1.490421
16.050;4.585856;1.508819
16.060;4.537663;1.526870
16.070;4.481745;1.545098
16.080;4.418223;1.564054
16.090;4.348104;1.584071
16.100;4.273106;1.605123
16.110;4.195344;1.626833
16.120;4.116984;1.648622
16.130;4.039990;1.669873
16.140;3.966004;1.690056
16.150;3.896332;1.708786
16.160;3.831974;1.725871
16.170;3.773650;1.741327
16.180;3.721821;1.755365
16.190;3.676711;1.768327
16.200;3.638374;1.780600
16.210;3.606792;1.792516
16.220;3.581941;1.804271
16.230;3.563764;1.815894
16.240;3.552032;1.827290
16.250;3.546175;1.838338
16.260;3.545208;1.849018
16.270;3.547785;1.859494
16.280;3.552393;1.870129
16.290;3.557585;1.881428
16.300;3.562200;1.893914
16.310;3.565527;1.907980
16.320;3.567397;1.923752
16.330;3.568177;1.941021
16.340;3.568641;1.959258
16.350;3.569735;1.977707
16.360;3.572301;1.995560
16.370;3.576883;2.012174
16.380;3.583726;2.027256
16.390;3.592931;2.040925
16.400;3.604665;2.053613
16.410;3.619259;2.065887
16.420;3.637149;2.078279
16.430;3.658670;2.091207
16.440;3.683825;2.104964
16.450;3.712151;2.119729
16.460;3.742784;2.135500
16.470;3.774708;2.151988
16.480;3.807087;2.168543
16.490;3.839528;2.184197
16.500;3.872128;2.197848
16.510;3.905281;2.208502
16.520;3.939319;2.215543
16.530;3.974187;2.218925
16.540;4.009305;2.219221
16.550;4.043682;2.217436
16.560;4.076185;2.214646
16.570;4.105854;2.211624
16.580;4.132117;2.208613
16.590;4.154868;2.205341
16.600;4.174422;2.201233
16.610;4.191388;2.195717
16.620;4.206541;2.188463
16.630;4.220714;2.179464
16.640;4.234729;2.168948
16.650;4.249415;2.157198
16.660;4.265691;2.144382
16.670;4.284674;2.130495
16.680;4.307686;2.115413
16.690;4.336095;2.098998
16.700;4.371008;2.081208
16.710;4.412966;2.062138
16.720;4.461804;2.042040
16.730;4.516779;2.021317
16.740;4.576913;2.000523
16.750;4.641349;1.980332
16.760;4.709544;1.961455
16.770;4.781177;1.944517
16.780;4.855867;1.929928
16.790;4.932879;1.917777
16.800;5.010999;1.907807
16.810;5.088653;1.899480
16.820;5.164209;1.892114
16.830;5.236321;1.885046
16.840;5.304157;1.877761
16.850;5.367396;1.869949
16.860;5.426023;1.861517
16.870;5.480041;1.852573
16.880;5.529253;1.843406
16.890;5.573204;1.834448
16.900;5.611290;1.826198
16.910;5.642956;1.819083
16.920;5.667918;1.813269
16.930;5.686297;1.808522
16.940;5.698635;1.804231
16.950;5.705761;1.799624
16.960;5.708591;1.794104
16.970;5.707922;1.787529
16.980;5.704300;1.780312
16.990;5.697983;1.773271
17.000;5.688974;1.767319
17.010;5.677085;1.763105
17.020;5.662016;1.760778
17.030;5.643448;1.759937
17.040;5.621156;1.759784
17.050;5.595108;1.759395
17.060;5.565517;1.757979
17.070;5.532828;1.755041
17.080;5.497680;1.750417
17.090;5.460894;1.744251
17.100;5.423516;1.736963
17.110;5.386886;1.729255
17.120;5.352659;1.722084
17.130;5.322711;1.716539
17.140;5.298897;1.713639
17.150;5.282706;1.714103
17.160;5.274933;1.718233
17.170;5.275443;1.725957
17.180;5.283130;1.737001
17.190;5.296105;1.751113
17.200;5.312095;1.768196
17.210;5.328945;1.788291
17.220;5.345075;1.811401
17.230;5.359736;1.837282
17.240;5.373008;1.865346
17.250;5.385616;1.894715
17.260;5.398602;1.924417
17.270;5.412985;1.953586
17.280;5.429455;1.981616
17.290;5.448211;2.008198
17.300;5.468957;2.033280
17.310;5.491029;2.056973
17.320;5.513628;2.079457
17.330;5.536044;2.100906
17.340;5.557820;2.121414
17.350;5.578760;2.140950
17.360;5.598796;2.159314
17.370;5.617766;2.176152
17.380;5.635241;2.191029
17.390;5.650486;2.203546
17.400;5.662584;2.213468
17.410;5.670664;2.220812
17.420;5.674151;2.225888
17.430;5.672960;2.229268
17.440;5.667546;2.231655
17.450;5.658801;2.233655
17.460;5.647805;2.235523
17.470;5.635509;2.236996
17.480;5.622458;2.237327
17.490;5.608663;2.235519
17.500;5.593649;2.230709
17.510;5.576657;2.222515
17.520;5.556904;2.211234
17.530;5.533840;2.197829
17.540;5.507336;2.183713
17.550;5.477761;2.170419
17.560;5.445911;2.159202
17.570;5.412758;2.150736
17.580;5.379104;2.145009
17.590;5.345253;2.141495
17.600;5.310816;2.139509
17.610;5.274741;2.138563
17.620;5.235518;2.138538
17.630;5.191518;2.139639
17.640;5.141323;2.142208
17.650;5.083949;2.146554
17.660;5.018959;2.152876
17.670;4.946513;2.161270
17.680;4.867419;2.171741
17.690;4.783163;2.184182
17.700;4.695801;2.198316
17.710;4.607684;2.213684
17.720;4.521087;2.229715
17.730;4.437864;2.245874
17.740;4.359288;2.261842
17.750;4.286098;2.277671
17.760;4.218668;2.293855
17.770;4.157195;2.311266
17.780;4.101828;2.330905
17.790;4.052728;2.353525
17.800;4.010071;2.379249
17.810;3.973964;2.407381
17.820;3.944287;2.436492
17.830;3.920522;2.464802
17.840;3.901652;2.490713
17.850;3.886219;2.513293
17.860;3.872536;2.532482
17.870;3.858975;2.548908
17.880;3.844270;2.563390
17.890;3.827762;2.576390
17.900;3.809534;2.587710
17.910;3.790388;2.596576
17.920;3.771608;2.602035
17.930;3.754542;2.603412
17.940;3.740151;2.600616
17.950;3.728721;2.594205
17.960;3.719851;2.585227
17.970;3.712703;2.574961
17.980;3.706354;2.564658
17.990;3.700073;2.555345
18.000;3.693399;2.547687
18.010;3.686047;2.541895
18.020;3.677795;2.537701
18.030;3.668449;2.534429
18.040;3.657941;2.531170
18.050;3.646506;2.527007
18.060;3.634797;2.521221
18.070;3.623884;2.513421
18.080;3.615093;2.503600
18.090;3.609742;2.492128
18.100;3.608849;2.479688
18.110;3.612867;2.467153
18.120;3.621504;2.455395
18.130;3.633683;2.445052
18.140;3.647665;2.436337
18.150;3.661361;2.428994
18.160;3.672773;2.422443
18.170;3.680447;2.416013
18.180;3.683844;2.409117
18.190;3.683532;2.401271
18.200;3.681182;2.392011
18.210;3.679332;2.380864
18.220;3.680927;2.367489
18.230;3.688696;2.351964
18.240;3.704550;2.335021
18.250;3.729183;2.318018
18.260;3.762021;2.302605
18.270;3.801506;2.290268
18.280;3.845559;2.281956
18.290;3.892055;2.277900
18.300;3.939180;2.277624
18.310;3.985624;2.280083
18.320;4.030631;2.283894
18.330;4.073968;2.287632
18.340;4.115834;2.290109
18.350;4.156756;2.290563
18.360;4.197502;2.288722
18.370;4.239001;2.284721
18.380;4.282240;2.278942
18.390;4.328095;2.271843
18.400;4.377123;2.263870
18.410;4.429366;2.255435
18.420;4.484215;2.246925
18.430;4.540411;2.238684
18.440;4.596205;2.230971
18.450;4.649682;2.223925
18.460;4.699142;2.217547
18.470;4.743428;2.211719
18.480;4.782105;2.206238
18.490;4.815426;2.200861
18.500;4.844114;2.195326
18.510;4.869053;2.189361
18.520;4.890991;2.182694
18.530;4.910374;2.175064
18.540;4.927311;2.166257
18.550;4.941607;2.156143
18.560;4.952810;2.144738
18.570;4.960258;2.132277
18.580;4.963161;2.119272
18.590;4.960738;2.106460
18.600;4.952424;2.094611
18.610;4.938055;2.084275
18.620;4.917951;2.075599
18.630;4.892819;2.068299
18.640;4.863521;2.061779
18.650;4.830794;2.055303
18.660;4.795054;2.048173
18.670;4.756375;2.039897
18.680;4.714645;2.030312
18.690;4.669808;2.019656
18.700;4.622046;2.008523
18.710;4.571793;1.997738
18.720;4.519573;1.988171
18.730;4.465768;1.980605
18.740;4.410462;1.975672
18.750;4.353486;1.973834
18.760;4.294625;1.975359
18.770;4.233882;1.980254
18.780;4.171603;1.988226
18.790;4.108398;1.998712
18.800;4.044914;2.010983
18.810;3.981608;2.024273
18.820;3.918640;2.037901
18.830;3.855960;2.051352
18.840;3.793488;2.064323
18.850;3.731296;2.076727
18.860;3.669667;2.088666
18.870;3.609016;2.100387
18.880;3.549720;2.112228
18.890;3.491947;2.124559
18.900;3.435556;2.137717
18.910;3.380121;2.151927
18.920;3.325064;2.167246
18.930;3.269844;2.183575
18.940;3.214151;2.200771
18.950;3.158022;2.218831
18.960;3.101858;2.238063
18.970;3.046353;2.259128
18.980;2.992361;2.282923
18.990;2.940780;2.310311
19.000;2.892453;2.341810
19.010;2.848114;2.377325
19.020;2.808361;2.416040
19.030;2.773634;2.456468
19.040;2.744193;2.496663
19.050;2.720099;2.534527
19.060;2.701215;2.568152
19.070;2.687221;2.596114
19.080;2.677651;2.617663
19.090;2.671919;2.632785
19.100;2.669349;2.642120
19.110;2.669181;2.646786
19.120;2.670568;2.648104
19.130;2.672580;2.647292
19.140;2.674243;2.645177
19.150;2.674646;2.642013
19.160;2.673088;2.637480
19.170;2.669200;2.630836
19.180;2.662955;2.621146
19.190;2.654555;2.607500
19.200;2.644259;2.589179
19.210;2.632273;2.565773
19.220;2.618766;2.537288
19.230;2.603976;2.504286
19.240;2.588310;2.467977
19.250;2.572347;2.430157
19.260;2.556736;2.392921
19.270;2.542017;2.358186
19.280;2.528458;2.327189
19.290;2.515971;2.300191
19.300;2.504116;2.276509
19.310;2.492150;2.254840
19.320;2.479088;2.233751
19.330;2.463760;2.212123
19.340;2.444887;2.189448
19.350;2.421206;2.165894
19.360;2.391675;2.142181
19.370;2.355730;2.119326
19.380;2.313517;2.098337
19.390;2.265989;2.079943
19.400;2.214799;2.064456
19.410;2.162026;2.051776
19.420;2.109806;2.041538
19.430;2.059992;2.033293
19.440;2.013942;2.026645
19.450;1.972475;2.021332
19.460;1.935965;2.017262
19.470;1.904487;2.014507
19.480;1.877930;2.013248
19.490;1.856058;2.013643
19.500;1.838540;2.015633
19.510;1.825006;2.018788
19.520;1.815157;2.022275
19.530;1.808874;2.025012
19.540;1.806240;2.025936
19.550;1.807409;2.024268
19.560;1.812354;2.019660
19.570;1.820587;2.012196
19.580;1.830990;2.002282
19.590;1.841857;1.990487
19.600;1.851139;1.977419
19.610;1.856859;1.963682
19.620;1.857513;1.949869
19.630;1.852322;1.936521
19.640;1.841219;1.924016
19.650;1.824588;1.912448
19.660;1.802891;1.901596
19.670;1.776384;1.891009
19.680;1.745085;1.880139
19.690;1.709039;1.868480
19.700;1.668733;1.855655
19.710;1.625422;1.841491
19.720;1.581178;1.826069
19.730;1.538601;1.809749
19.740;1.500320;1.793135
19.750;1.468515;1.777005
19.760;1.444642;1.762221
19.770;1.429467;1.749641
19.780;1.423264;1.740043
19.790;1.425991;1.734024
19.800;1.437269;1.731898
19.810;1.456210;1.733580
19.820;1.481269;1.738518
19.830;1.510314;1.745707
19.840;1.540959;1.753810
19.850;1.571020;1.761398
19.860;1.598916;1.767256
19.870;1.623822;1.770675
19.880;1.645557;1.771611
19.890;1.664266;1.770650
19.900;1.680096;1.768734
19.910;1.693004;1.766744
19.920;1.702790;1.765125
19.930;1.709291;1.763754
19.940;1.712621;1.762112
19.950;1.713282;1.759630
19.960;1.712092;1.756008
19.970;1.709952;1.751371
19.980;1.707553;1.746247
19.990;1.705176;1.741393
20.000;1.702675;1.737537
20.010;1.699675;1.735114
20.020;1.695891;1.734067
20.030;1.691441;1.733804
20.040;1.686996;1.733338
20.050;1.683680;1.731620
20.060;1.682767;1.727958
20.070;1.685315;1.722351
20.080;1.691892;1.715609
20.090;1.702527;1.709210
20.100;1.716880;1.705004
20.110;1.734568;1.704852
20.120;1.755474;1.710301
20.130;1.779913;1.722343
20.140;1.808575;1.741300
20.150;1.842245;1.766823
20.160;1.881420;1.798019
20.170;1.925955;1.833615
20.180;1.974897;1.872121
20.190;2.026566;1.911995
20.200;2.078814;1.951814
20.210;2.129382;1.990471
20.220;2.176238;2.027298
20.230;2.217845;2.062054
20.240;2.253316;2.094762
20.250;2.282441;2.125487
20.260;2.305585;2.154160
20.270;2.323487;2.180544
20.280;2.337010;2.204324
20.290;2.346905;2.225265
20.300;2.353633;2.243344
20.310;2.357273;2.258788
20.320;2.357537;2.272042
20.330;2.353873;2.283686
20.340;2.345670;2.294329
20.350;2.332550;2.304485
20.360;2.314707;2.314429
20.370;2.293203;2.324148
20.380;2.270095;2.333455
20.390;2.248263;2.342257
20.400;2.230918;2.350830
20.410;2.220887;2.359915
20.420;2.219883;2.370547
20.430;2.228057;2.383678
20.440;2.243997;2.399812
20.450;2.265229;2.418819
20.460;2.289021;2.440003
20.470;2.313198;2.462342
20.480;2.336682;2.484777
20.490;2.359586;2.506463
20.500;2.382848;2.526899
20.510;2.407594;2.545926
20.520;2.434477;2.563570
20.530;2.463248;2.579807
20.540;2.492696;2.594367
20.550;2.520962;2.606676
20.560;2.546113;2.615983
20.570;2.566757;2.621620
20.580;2.582463;2.623305
20.590;2.593784;2.621373
20.600;2.601912;2.616807
20.610;2.608133;2.611029
20.620;2.613365;2.605521
20.630;2.617972;2.601446
20.640;2.621863;2.599415
20.650;2.624785;2.599436
20.660;2.626650;2.601023
20.670;2.627776;2.603379
20.680;2.628949;2.605618
20.690;2.631298;2.606974
20.700;2.636041;2.606971
20.710;2.644171;2.605525
20.720;2.656245;2.602967
20.730;2.672358;2.599989
20.740;2.692367;2.597552
20.750;2.716262;2.596713
20.760;2.744505;2.598349
20.770;2.778160;2.602828
20.780;2.818711;2.609776
20.790;2.867638;2.618069
20.800;2.925912;2.626084
20.810;2.993620;2.632108
20.820;3.069853;2.634690
20.830;3.152878;2.632831
20.840;3.240485;2.626006
20.850;3.330391;2.614083
20.860;3.420555;2.597265
20.870;3.509368;2.576083
20.880;3.595653;2.551391
20.890;3.678525;2.524286
20.900;3.757190;2.495889
20.910;3.830812;2.467045
20.920;3.898510;2.438052
20.930;3.959463;2.408577
20.940;4.013094;2.377824
20.950;4.059231;2.344883
20.960;4.098163;2.309108
20.970;4.130525;2.270365
20.980;4.157044;2.229067
20.990;4.178277;2.186006
21.000;4.194476;2.142122
21.010;4.205638;2.098313
21.020;4.211673;2.055356
21.030;4.212573;2.013907
21.040;4.208531;1.974497
21.050;4.199995;1.937472
21.060;4.187669;1.902885
21.070;4.172459;1.870400
21.080;4.155400;1.839297
21.090;4.137563;1.808605
21.100;4.119951;1.777363
21.110;4.103394;1.744903
21.120;4.088488;1.711044
21.130;4.075620;1.676134
21.140;4.065077;1.640949
21.150;4.057207;1.606508
21.160;4.052523;1.573854
21.170;4.051695;1.543851
21.180;4.055368;1.517046
21.190;4.063876;1.493636
21.200;4.076926;1.473526
21.210;4.093418;1.456464
21.220;4.111548;1.442146
21.230;4.129186;1.430252
21.240;4.144421;1.420408
21.250;4.156034;1.412141
21.260;4.163681;1.404899
21.270;4.167704;1.398146
21.280;4.168653;1.391510
21.290;4.166711;1.384893
21.300;4.161289;1.378497
21.310;4.150964;1.372742
21.320;4.133792;1.368134
21.330;4.107904;1.365147
21.340;4.072146;1.364162
21.350;4.026546;1.365468
21.360;3.972424;1.369288
21.370;3.912125;1.375777
21.380;3.848460;1.384980
21.390;3.784083;1.396750
21.400;3.721051;1.410679
21.410;3.660739;1.426083
21.420;3.604089;1.442124
21.430;3.551992;1.458021
21.440;3.505583;1.473298
21.450;3.466303;1.487946
21.460;3.435710;1.502440
21.470;3.415121;1.517600
21.480;3.405245;1.534385
21.490;3.405902;1.553677
21.500;3.415967;1.576128
21.510;3.433529;1.602065
21.520;3.456235;1.631439
21.530;3.481703;1.663782
21.540;3.507898;1.698197
21.550;3.533397;1.733421
21.560;3.557531;1.768010
21.570;3.580401;1.800607
21.580;3.602729;1.830198
21.590;3.625541;1.856265
21.600;3.649696;1.878791
21.610;3.675414;1.898177
21.620;3.701992;1.915114
21.630;3.727876;1.930455
21.640;3.751081;1.945078
21.650;3.769800;1.959757
21.660;3.782950;1.975035
21.670;3.790434;1.991104
21.680;3.793040;2.007755
21.690;3.792020;2.024438
21.700;3.788559;2.040470
21.710;3.783370;2.055280
21.720;3.776597;2.068615
21.730;3.768049;2.080573
21.740;3.757615;2.091488
21.750;3.745634;2.101728
21.760;3.733049;2.111485
21.770;3.721317;2.120685
21.780;3.712156;2.129023
21.790;3.707234;2.136137
21.800;3.707919;2.141812
21.810;3.715118;2.146115
21.820;3.729218;2.149348
21.830;3.750083;2.151874
21.840;3.777075;2.153896
21.850;3.809124;2.155340
21.860;3.844891;2.155872
21.870;3.883010;2.155008
21.880;3.922338;2.152286
21.890;3.962107;2.147423
21.900;4.001917;2.140420
21.910;4.041603;2.131572
21.920;4.081087;2.121374
21.930;4.120308;2.110385
21.940;4.159263;2.099111
21.950;4.198083;2.087939
21.960;4.237047;2.077103
21.970;4.276497;2.066653
21.980;4.316684;2.056455
21.990;4.357656;2.046239
22.000;4.399249;2.035729
22.010;4.441176;2.024803
22.020;4.483173;2.013615
22.030;4.525154;2.002612
22.040;4.567296;1.992439
22.050;4.609965;1.983779
22.060;4.653495;1.977180
22.070;4.697953;1.972937
22.080;4.743050;1.971040
22.090;4.788282;1.971172
22.100;4.833206;1.972751
22.110;4.877653;1.975000
22.120;4.921725;1.977095
22.130;4.965594;1.978409
22.140;5.009291;1.978762
22.150;5.052668;1.978546
22.160;5.095554;1.978615
22.170;5.137966;1.979966
22.180;5.180184;1.983362
22.190;5.222635;1.989100
22.200;5.265656;1.997012
22.210;5.309336;2.006673
22.220;5.353539;2.017645
22.230;5.398072;2.029656
22.240;5.442881;2.042667
22.250;5.488099;2.056877
22.260;5.533937;2.072656
22.270;5.580464;2.090442
22.280;5.627404;2.110623
22.290;5.674031;2.133457
22.300;5.719208;2.159030
22.310;5.761579;2.187230
22.320;5.799830;2.217716
22.330;5.832951;2.249904
22.340;5.860374;2.283018
22.350;5.881979;2.316252
22.360;5.898005;2.348979
22.370;5.908949;2.380904
22.380;5.915502;2.412072
22.390;5.918462;2.442706
22.400;5.918598;2.473009
22.410;5.916419;2.503032
22.420;5.911932;2.532665
22.430;5.904501;2.561717
22.440;5.892883;2.590001
22.450;5.875420;2.617403
22.460;5.850291;2.643907
22.470;5.815745;2.669630
22.480;5.770291;2.694839
22.490;5.712884;2.719932
22.500;5.643155;2.745381
22.510;5.561628;2.771616
22.520;5.469801;2.798887
22.530;5.370019;2.827146
22.540;5.265135;2.856003
22.550;5.158047;2.884800
22.560;5.051294;2.912782
22.570;4.946831;2.939293
22.580;4.846067;2.963927
22.590;4.750092;2.986630
22.600;4.659988;3.007729
22.610;4.577030;3.027882
22.620;4.502708;3.047938
22.630;4.438536;3.068746
22.640;4.385765;3.090993
22.650;4.345112;3.115133
22.660;4.316597;3.141417
22.670;4.299524;3.169998
22.680;4.292599;3.201028
22.690;4.294138;3.234696
22.700;4.302317;3.271145
22.710;4.315374;3.310308
22.720;4.331743;3.351734
22.730;4.350076;3.394482
22.740;4.369200;3.437163
22.750;4.388043;3.478133
22.760;4.405608;3.515745
22.770;4.421001;3.548615
22.780;4.433489;3.575799
22.790;4.442554;3.596867
22.800;4.447876;3.611832
22.810;4.449242;3.620989
22.820;4.446417;3.624703
22.830;4.438998;3.623286
22.840;4.426296;3.616993
22.850;4.407252;3.606142
22.860;4.380485;3.591271
22.870;4.344492;3.573234
22.880;4.297998;3.553174
22.890;4.240370;3.532341
22.900;4.171958;3.511792
22.910;4.094239;3.492054
22.920;4.009729;3.472885
22.930;3.921698;3.453248
22.940;3.833780;3.431524
22.950;3.749536;3.405917
22.960;3.672059;3.374922
22.970;3.603708;3.337690
22.980;3.545992;3.294198
22.990;3.499617;3.245227
23.000;3.464614;3.192197
23.010;3.440491;3.136966
23.020;3.426399;3.081595
23.030;3.421282;3.028106
23.040;3.423989;2.978257
23.050;3.433292;2.933376
23.060;3.447820;2.894291
23.070;3.465945;2.861333
23.080;3.485737;2.834415
23.090;3.505066;2.813128
23.100;3.521862;2.796822
23.110;3.534442;2.784651
23.120;3.541721;2.775559
23.130;3.543200;2.768278
23.140;3.538699;2.761377
23.150;3.527976;2.753443
23.160;3.510448;2.743360
23.170;3.485233;2.730615
23.180;3.451554;2.715462
23.190;3.409311;2.698823
23.200;3.359512;2.681948
23.210;3.304295;2.665981
23.220;3.246528;2.651629
23.230;3.189159;2.639066
23.240;3.134593;2.628027
23.250;3.084290;2.618005
23.260;3.038659;2.608440
23.270;2.997170;2.598879
23.280;2.958632;2.589103
23.290;2.921538;2.579213
23.300;2.884487;2.569650
23.310;2.846610;2.561107
23.320;2.807909;2.554346
23.330;2.769377;2.549945
23.340;2.732752;2.548039
23.350;2.699931;2.548178
23.360;2.672216;2.549371
23.370;2.649729;2.550318
23.380;2.631299;2.549768
23.390;2.614913;2.546827
23.400;2.598509;2.541115
23.410;2.580750;2.532696
23.420;2.561419;2.521870
23.430;2.541312;2.508926
23.440;2.521762;2.493994
23.450;2.504085;2.477029
23.460;2.489212;2.457952
23.470;2.477620;2.436845
23.480;2.469469;2.414088
23.490;2.464781;2.390305
23.500;2.463536;2.366115
23.510;2.465654;2.341838
23.520;2.470930;2.317366
23.530;2.478972;2.292282
23.540;2.489183;2.266166
23.550;2.500779;2.238910
23.560;2.512860;2.210912
23.570;2.524523;2.183043
23.580;2.535012;2.156424
23.590;2.543842;2.132114
23.600;2.550849;2.110827
23.610;2.556155;2.092789
23.620;2.560054;2.077724
23.630;2.562867;2.064963
23.640;2.564792;2.053622
23.650;2.565808;2.042842
23.660;2.565669;2.032022
23.670;2.563987;2.020978
23.680;2.560309;2.009975
23.690;2.554098;1.999659
23.700;2.544608;1.990943
23.710;2.530763;1.984853
23.720;2.511249;1.982332
23.730;2.484871;1.983978
23.740;2.451112;1.989781
23.750;2.410631;1.998993
23.760;2.365440;2.010207
23.770;2.318581;2.021666
23.780;2.273402;2.031659
23.790;2.232669;2.038837
23.800;2.197891;2.042337
23.810;2.169147;2.041749
23.820;2.145472;2.037047
23.830;2.125591;2.028602
23.840;2.108615;2.017257
23.850;2.094347;2.004337
23.860;2.083077;1.991450
23.870;2.075033;1.980090
23.880;2.069841;1.971211
23.890;2.066318;1.964955
23.900;2.062735;1.960653
23.910;2.057389;1.957045
23.920;2.049195;1.952627
23.930;2.038034;1.945997
23.940;2.024752;1.936145
23.950;2.010874;1.922654
23.960;1.998172;1.905782
23.970;1.988242;1.886405
23.980;1.982179;1.865806
23.990;1.980421;1.845357
24.000;1.982769;1.826140
24.010;1.988515;1.808635
24.020;1.996614;1.792570
24.030;2.005884;1.777032
24.040;2.015260;1.760781
24.050;2.024098;1.742639
24.060;2.032397;1.721785
24.070;2.040813;1.697873
24.080;2.050389;1.670981
24.090;2.062112;1.641444
24.100;2.076496;1.609642
24.110;2.093392;1.575827
24.120;2.112122;1.540032
24.130;2.131849;1.502072
24.140;2.151996;1.461630
24.150;2.172518;1.418397
24.160;2.193909;1.372272
24.170;2.216966;1.323555
24.180;2.242384;1.273053
24.190;2.270364;1.222032
24.200;2.300426;1.171998
24.210;2.331495;1.124359
24.220;2.362246;1.080101
24.230;2.391512;1.039573
24.240;2.418580;1.002478
24.250;2.443260;0.968081
24.260;2.465730;0.935555
24.270;2.486251;0.904330
24.280;2.504881;0.874270
24.290;2.521315;0.845632
24.300;2.534912;0.818838
24.310;2.544896;0.794195
24.320;2.550625;0.771690
24.330;2.551835;0.750949
24.340;2.548744;0.731357
24.350;2.541984;0.712315
24.360;2.532401;0.693499
24.370;2.520790;0.675009
24.380;2.507661;0.657301
24.390;2.493109;0.640954
24.400;2.476813;0.626396
24.410;2.458170;0.613717
24.420;2.436507;0.602661
24.430;2.411300;0.592745
24.440;2.382340;0.583446
24.450;2.349772;0.574364
24.460;2.314034;0.565332
24.470;2.275750;0.556475
24.480;2.235658;0.548225
24.490;2.194606;0.541273
24.500;2.153564;0.536438
24.510;2.113579;0.534487
24.520;2.075639;0.535929
24.530;2.040464;0.540875
24.540;2.008301;0.548986
24.550;1.978819;0.559525
24.560;1.951176;0.571508
24.570;1.924263;0.583913
24.580;1.897053;0.595892
24.590;1.868907;0.606912
24.600;1.839711;0.616801
24.610;1.809812;0.625680
24.620;1.779778;0.633811
24.630;1.750091;0.641410
24.640;1.720915;0.648489
24.650;1.692030;0.654819
24.660;1.662967;0.660003
24.670;1.633199;0.663653
24.680;1.602251;0.665575
24.690;1.569655;0.665933
24.700;1.534844;0.665302
24.710;1.497143;0.664567
24.720;1.455959;0.664686
24.730;1.411091;0.666417
24.740;1.363007;0.670113
24.750;1.312940;0.675648
24.760;1.262802;0.682459
24.770;1.214989;0.689662
24.780;1.172170;0.696216
24.790;1.137082;0.701117
24.800;1.112309;0.703601
24.810;1.100001;0.703352
24.820;1.101558;0.700628
24.830;1.117343;0.696257
24.840;1.146525;0.691496
24.850;1.187153;0.687797
24.860;1.236512;0.686568
24.870;1.291716;0.688994
24.880;1.350413;0.695930
24.890;1.411386;0.707820
24.900;1.474835;0.724618
24.910;1.542211;0.745713
24.920;1.615588;0.769945
24.930;1.696804;0.795756
24.940;1.786685;0.821507
24.950;1.884657;0.845860
24.960;1.988846;0.868124
24.970;2.096538;0.888472
24.980;2.204743;0.907936
24.990;2.310661;0.928171
25.000;2.411950;0.951024
25.010;2.506822;0.978036
25.020;2.594052;1.010055
25.030;2.672940;1.047097
25.040;2.743273;1.088503
25.050;2.805231;1.133262
25.060;2.859256;1.180308
25.070;2.905889;1.228628
25.080;2.945647;1.277212
25.090;2.978982;1.324968
25.100;3.006332;1.370746
25.110;3.028187;1.413467
25.120;3.045118;1.452262
25.130;3.057719;1.486541
25.140;3.066517;1.515969
25.150;3.071945;1.540449
25.160;3.074442;1.560156
25.170;3.074613;1.575609
25.180;3.073375;1.587709
25.190;3.072002;1.597671
25.200;3.072082;1.606866
25.210;3.075430;1.616594
25.220;3.083958;1.627834
25.230;3.099485;1.641015
25.240;3.123451;1.655896
25.250;3.156543;1.671577
25.260;3.198318;1.686680
25.270;3.246984;1.699638
25.280;3.299486;1.709023
25.290;3.351961;1.713822
25.300;3.400484;1.713577
25.310;3.441871;1.708355
25.320;3.474277;1.698593
25.330;3.497415;1.684899
25.340;3.512341;1.667904
25.350;3.520923;1.648192
25.360;3.525181;1.626321
25.370;3.526737;1.602879
25.380;3.526537;1.578545
25.390;3.524876;1.554101
25.400;3.521628;1.530364
25.410;3.516523;1.508047
25.420;3.509342;1.487600
25.430;3.500006;1.469101
25.440;3.488539;1.452270
25.450;3.474939;1.436603
25.460;3.458995;1.421525
25.470;3.440133;1.406502
25.480;3.417385;1.391040
25.490;3.389557;1.374638
25.500;3.355613;1.356762
25.510;3.315178;1.336963
25.520;3.269000;1.315101
25.530;3.219107;1.291558
25.540;3.168560;1.267294
25.550;3.120806;1.243655
25.560;3.078893;1.222010
25.570;3.044820;1.203365
25.580;3.019285;1.188101
25.590;3.001888;1.175943
25.600;2.991651;1.166165
25.610;2.987616;1.157966
25.620;2.989288;1.150879
25.630;2.996782;1.145052
25.640;3.010690;1.141259
25.650;3.031711;1.140599
25.660;3.060187;1.143938
25.670;3.095666;1.151340
25.680;3.136658;1.161759
25.690;3.180681;1.173191
25.700;3.224639;1.183265
25.710;3.265440;1.190030
25.720;3.300685;1.192575
25.730;3.329166;1.191196
25.740;3.351009;1.187077
25.750;3.367389;1.181666
25.760;3.379959;1.176101
25.770;3.390213;1.170912
25.780;3.399025;1.166042
25.790;3.406471;1.161093
25.800;3.411993;1.155611
25.810;3.414807;1.149285
25.820;3.414380;1.142051
25.830;3.410798;1.134114
25.840;3.404847;1.125913
25.850;3.397774;1.118055
25.860;3.390810;1.111179
25.870;3.384648;1.105779
25.880;3.379108;1.102031
25.890;3.373147;1.099707
25.900;3.365218;1.098238
25.910;3.353862;1.096910
25.920;3.338323;1.095129
25.930;3.318993;1.092640
25.940;3.297474;1.089599
25.950;3.276245;1.086442
25.960;3.258030;1.083654
25.970;3.245078;1.081536
25.980;3.238571;1.080083
25.990;3.238322;1.078984
26.000;3.242827;1.077695
26.010;3.249645;1.075518
26.020;3.255978;1.071704
26.030;3.259282;1.065591
26.040;3.257749;1.056791
26.050;3.250564;1.045397
26.060;3.237920;1.032107
26.070;3.220808;1.018156
26.080;3.200643;1.005048
26.090;3.178805;0.994137
26.100;3.156233;0.986238
26.110;3.133205;0.981392
26.120;3.109394;0.978844
26.130;3.084185;0.977272
26.140;3.057072;0.975207
26.150;3.027975;0.971553
26.160;2.997363;0.965980
26.170;2.966193;0.959018
26.180;2.935797;0.951796
26.190;2.907764;0.945575
26.200;2.883838;0.941308
26.210;2.865772;0.939395
26.220;2.855105;0.939699
26.230;2.852911;0.941747
26.240;2.859611;0.945002
26.250;2.874954;0.949077
26.260;2.898157;0.953837
26.270;2.928121;0.959382
26.280;2.963635;0.965957
26.290;3.003483;0.973819
26.300;3.046504;0.983117
26.310;3.091651;0.993805
26.320;3.138110;1.005624
26.330;3.185452;1.018178
26.340;3.233743;1.031078
26.350;3.283507;1.044076
26.360;3.335501;1.057103
26.370;3.390380;1.070216
26.380;3.448351;1.083528
26.390;3.508955;1.097196
26.400;3.571035;1.111473
26.410;3.632906;1.126768
26.420;3.692647;1.143656
26.430;3.748425;1.162799
26.440;3.798771;1.184775
26.450;3.842753;1.209890
26.460;3.880072;1.238070
26.470;3.911092;1.268858
26.480;3.936806;1.301503
26.490;3.958715;1.335106
26.500;3.978593;1.368789
26.510;3.998188;1.401852
26.520;4.018944;1.433891
26.530;4.041778;1.464843
26.540;4.066950;1.494924
26.550;4.094029;1.524512
26.560;4.121993;1.553977
26.570;4.149501;1.583531
26.580;4.175294;1.613120
26.590;4.198594;1.642392
26.600;4.219343;1.670792
26.610;4.238131;1.697752
26.620;4.255849;1.722914
26.630;4.273204;1.746285
26.640;4.290320;1.768245
26.650;4.306567;1.789422
26.660;4.320660;1.810519
26.670;4.331002;1.832185
26.680;4.336141;1.854930
26.690;4.335216;1.879032
26.700;4.328213;1.904403
26.710;4.315929;1.930483
26.720;4.299621;1.956226
26.730;4.280488;1.980239
26.740;4.259191;2.001020
26.750;4.235595;2.017222
26.760;4.208815;2.027898
26.770;4.177523;2.032719
26.780;4.140376;2.032138
26.790;4.096451;2.027434
26.800;4.045536;2.020564
26.810;3.988188;2.013788
26.820;3.925540;2.009133
26.830;3.858910;2.007852
26.840;3.789375;2.010079
26.850;3.717475;2.014839
26.860;3.643203;2.020395
26.870;3.566287;2.024792
26.880;3.486654;2.026401
26.890;3.404803;2.024307
26.900;3.321907;2.018452
26.910;3.239589;2.009516
26.920;3.159507;1.998604
26.930;3.082980;1.986878
26.940;3.010807;1.975304
26.950;2.943336;1.964587
26.960;2.880687;1.955229
26.970;2.822964;1.947597
26.980;2.770335;1.941931
26.990;2.722937;1.938315
27.000;2.680708;1.936669
27.010;2.643268;1.936786
27.020;2.609948;1.938425
27.030;2.579972;1.941435
27.040;2.552690;1.945882
27.050;2.527751;1.952139
27.060;2.505117;1.960846
27.070;2.484902;1.972681
27.080;2.467079;1.988011
27.090;2.451230;2.006570
27.100;2.436472;2.027360
27.110;2.421677;2.048853
27.120;2.405932;2.069430
27.130;2.389079;2.087890
27.140;2.372067;2.103825
27.150;2.356913;2.117718
27.160;2.346219;2.130761
27.170;2.342425;2.144482
27.180;2.347094;2.160378
27.190;2.360496;2.179645
27.200;2.381601;2.203010
27.210;2.408414;2.230657
27.220;2.438495;2.262261
27.230;2.469543;2.297170
27.240;2.499901;2.334700
27.250;2.528887;2.374381
27.260;2.556823;2.416018
27.270;2.584736;2.459518
27.280;2.613828;2.504635
27.290;2.644883;2.550811
27.300;2.677805;2.597261
27.310;2.711419;2.643288
27.320;2.743543;2.688659
27.330;2.771324;2.733839
27.340;2.791723;2.779982
27.350;2.802027;2.828651
27.360;2.800281;2.881360
27.370;2.785549;2.939075
27.380;2.758012;3.001865
27.390;2.718956;3.068836
27.400;2.670675;3.138356
27.410;2.616258;3.208453
27.420;2.559201;3.277208
27.430;2.502874;3.343019
27.440;2.450003;3.404731
27.450;2.402355;3.461643
27.460;2.360715;3.513439
27.470;2.325123;3.560036
27.480;2.295219;3.601418
27.490;2.270525;3.637533
27.500;2.250575;3.668286
27.510;2.234879;3.693586
27.520;2.222823;3.713366
27.530;2.213580;3.727538
27.540;2.206095;3.735895
27.550;2.199146;3.738035
27.560;2.191498;3.733351
27.570;2.182071;3.721129
27.580;2.170112;3.700740
27.590;2.155293;3.671935
27.600;2.137719;3.635154
27.610;2.117826;3.591723
27.620;2.096188;3.543749
27.630;2.073277;3.493679
27.640;2.049267;3.443629
27.650;2.023940;3.394799
27.660;1.996740;3.347238
27.670;1.966949;3.300062
27.680;1.933943;3.251982
27.690;1.897462;3.201888
27.700;1.857801;3.149260
27.710;1.815822;3.094308
27.720;1.772734;3.037842
27.730;1.729743;2.980987
27.740;1.687743;2.924876
27.750;1.647212;2.870470
27.760;1.608352;2.818558
27.770;1.571405;2.769924
27.780;1.536983;2.725555
27.790;1.506261;2.686722
27.800;1.480909;2.654849
27.810;1.462751;2.631166
27.820;1.453231;2.616320
27.830;1.452911;2.610151
27.840;1.461174;2.611740
27.850;1.476282;2.619691
27.860;1.495730;2.632476
27.870;1.516770;2.648718
27.880;1.536908;2.667362
27.890;1.554239;2.687754
27.900;1.567571;2.709608
27.910;1.576342;2.732863
27.920;1.580434;2.757477
27.930;1.579979;2.783257
27.940;1.575284;2.809806
27.950;1.566895;2.836588
27.960;1.555735;2.863048
27.970;1.543208;2.888689
27.980;1.531126;2.913046
27.990;1.521426;2.935569
28.000;1.515738;2.955559
28.010;1.514966;2.972244
28.020;1.519087;2.985027
28.030;1.527275;2.993763
28.040;1.538283;2.998890
28.050;1.550927;3.001287
28.060;1.564448;3.001944
28.070;1.578616;3.001597
28.080;1.593565;3.000508
28.090;1.609462;2.998443
28.100;1.626187;2.994823
28.110;1.643179;2.988995
28.120;1.659500;2.980519
28.130;1.674115;2.969378
28.140;1.686243;2.956070
28.150;1.695632;2.941545
28.160;1.702630;2.927054
28.170;1.708011;2.913924
28.180;1.712650;2.903317
28.190;1.717182;2.895993
28.200;1.721791;2.892129
28.210;1.726195;2.891272
28.220;1.729828;2.892460
28.230;1.732143;2.894499
28.240;1.732938;2.896251
28.250;1.732595;2.896838
28.260;1.732141;2.895746
28.270;1.733107;2.892890
28.280;1.737226;2.888692
28.290;1.746041;2.884148
28.300;1.760559;2.880770
28.310;1.781066;2.880321
28.320;1.807178;2.884345
28.330;1.838094;2.893653
28.340;1.872891;2.907966
28.350;1.910720;2.925905
28.360;1.950812;2.945310
28.370;1.992357;2.963770
28.380;2.034331;2.979168
28.390;2.075400;2.990061
28.400;2.113994;2.995824
28.410;2.148603;2.996549
28.420;2.178258;2.992794
28.430;2.203007;2.985258
28.440;2.224161;2.974517
28.450;2.244135;2.960894
28.460;2.265905;2.944480
28.470;2.292266;2.925261
28.480;2.325198;2.903229
28.490;2.365509;2.878421
28.500;2.412814;2.850927
28.510;2.465754;2.820925
28.520;2.522337;2.788753
28.530;2.580277;2.754934
28.540;2.637265;2.720108
28.550;2.691145;2.684896
28.560;2.740014;2.649773
28.570;2.782269;2.615039
28.580;2.816671;2.580827
28.590;2.842458;2.547109
28.600;2.859489;2.513676
28.610;2.868371;2.480128
28.620;2.870468;2.445933
28.630;2.867751;2.410555
28.640;2.862503;2.373590
28.650;2.856987;2.334869
28.660;2.853149;2.294500
28.670;2.852444;2.252858
28.680;2.855768;2.210544
28.690;2.863480;2.168350
28.700;2.875439;2.127223
28.710;2.891054;2.088201
28.720;2.909382;2.052285
28.730;2.929297;2.020248
28.740;2.949766;1.992461
28.750;2.970163;1.968808
28.760;2.990524;1.948750
28.770;3.011691;1.931517
28.780;3.035252;1.916354
28.790;3.063302;1.902732
28.800;3.098010;1.890417
28.810;3.141128;1.879333
28.820;3.193567;1.869279
28.830;3.255193;1.859651
28.840;3.324848;1.849349
28.850;3.400572;1.836979
28.860;3.479954;1.821256
28.870;3.560543;1.801436
28.880;3.640246;1.777576
28.890;3.717609;1.750532
28.900;3.791892;1.721700
28.910;3.862929;1.692611
28.920;3.930847;1.664548
28.930;3.995772;1.638291
28.940;4.057623;1.614042
28.950;4.116073;1.591494
28.960;4.170643;1.570031
28.970;4.220887;1.548987
28.980;4.266581;1.527917
28.990;4.307831;1.506751
29.000;4.345053;1.485772
29.010;4.378843;1.465407
29.020;4.409780;1.445965
29.030;4.438221;1.427481
29.040;4.464158;1.409755
29.050;4.487156;1.392552
29.060;4.506399;1.375792
29.070;4.520871;1.359635
29.080;4.529634;1.344440
29.090;4.532144;1.330610
29.100;4.528521;1.318407
29.110;4.519629;1.307787
29.120;4.506949;1.298333
29.130;4.492274;1.289335
29.140;4.477286;1.279953
29.150;4.463128;1.269392
29.160;4.450062;1.256988
29.170;4.437371;1.242198
29.180;4.423592;1.224553
29.190;4.407033;1.203691
29.200;4.386365;1.179487
29.210;4.361047;1.152217
29.220;4.331431;1.122605
29.230;4.298560;1.091683
29.240;4.263806;1.060500
29.250;4.228544;1.029839
29.260;4.193992;1.000091
29.270;4.161232;0.971312
29.280;4.131323;0.943360
29.290;4.105371;0.915976
29.300;4.084481;0.888747
29.310;4.069605;0.861028
29.320;4.061336;0.831904
29.330;4.059726;0.800297
29.340;4.064168;0.765196
29.350;4.073392;0.725962
29.360;4.085608;0.682574
29.370;4.098822;0.635678
29.380;4.111203;0.586391
29.390;4.121355;0.535925
29.400;4.128384;0.485220
29.410;4.131802;0.434716
29.420;4.131364;0.384306
29.430;4.126968;0.333467
29.440;4.118605;0.281472
29.450;4.106304;0.227628
29.460;4.090037;0.171429
29.470;4.069610;0.112612
29.480;4.044620;0.051144
29.490;4.014552;-0.012751
29.500;3.978970;-0.078531
29.510;3.937717;-0.145301
29.520;3.891004;-0.211910
29.530;3.839377;-0.277224
29.540;3.783620;-0.340488
29.550;3.724702;-0.401575
29.560;3.663825;-0.460928
29.570;3.602560;-0.519122
29.580;3.542975;-0.576254
29.590;3.487600;-0.631493
29.600;3.439171;-0.683010
29.610;3.400201;-0.728345
29.620;3.372543;-0.765022
29.630;3.357079;-0.791176
29.640;3.353633;-0.805976
29.650;3.361062;-0.809702
29.660;3.377497;-0.803540
29.670;3.400639;-0.789201
29.680;3.428054;-0.768530
29.690;3.457389;-0.743186
29.700;3.486482;-0.714435
29.710;3.513383;-0.683073
29.720;3.536358;-0.649480
29.730;3.553945;-0.613762
29.740;3.565112;-0.575956
29.750;3.569461;-0.536215
29.760;3.567378;-0.494949
29.770;3.560054;-0.452869
29.780;3.549352;-0.410950
29.790;3.537558;-0.370325
29.800;3.527060;-0.332179
29.810;3.520004;-0.297679
29.820;3.518019;-0.267919
29.830;3.522116;-0.243835
29.840;3.532828;-0.226036
29.850;3.550533;-0.214546
29.860;3.575785;-0.208513
29.870;3.609453;-0.206076
29.880;3.652554;-0.204512
29.890;3.705800;-0.200721
29.900;3.769053;-0.191918
29.910;3.840914;-0.176271
29.920;3.918627;-0.153266
29.930;3.998371;-0.123675
29.940;4.075894;-0.089201
29.950;4.147307;-0.051927
29.960;4.209828;-0.013781
29.970;4.262240;0.023899
29.980;4.304934;0.060595
29.990;4.339540;0.096667
30.000;4.368306;0.133220
30.010;4.393511;0.171791
30.020;4.417071;0.213899
30.030;4.440432;0.260582
30.040;4.464630;0.312068
30.050;4.490391;0.367731
30.060;4.518156;0.426341
30.070;4.548064;0.486492
30.080;4.579940;0.547035
30.090;4.613345;0.607340
30.100;4.647661;0.667281
30.110;4.682193;0.726970
30.120;4.716215;0.786362
30.130;4.749009;0.844940
30.140;4.779885;0.901615
30.150;4.808250;0.954909
30.160;4.833714;1.003340
30.170;4.856196;1.045882
30.180;4.875958;1.082296
30.190;4.893535;1.113227
30.200;4.909562;1.140041
30.210;4.924575;1.164476
30.220;4.938872;1.188251
30.230;4.952476;1.212734
30.240;4.965210;1.238755
30.250;4.976803;1.266609
30.260;4.986966;1.296182
30.270;4.995393;1.327133
30.280;5.001681;1.359039
30.290;5.005242;1.391455
30.300;5.005279;1.423937
30.310;5.000889;1.456050
30.320;4.991287;1.487401
30.330;4.976093;1.517724
30.340;4.955576;1.546957
30.350;4.930714;1.575278
30.360;4.903011;1.603046
30.370;4.874095;1.630690
30.380;4.845272;1.658617
30.390;4.817185;1.687189
30.400;4.789737;1.716772
30.410;4.762274;1.747816
30.420;4.733968;1.780940
30.430;4.704213;1.816982
30.440;4.672914;1.856989
30.450;4.640588;1.902114
30.460;4.608295;1.953434
30.470;4.577452;2.011738
30.480;4.549575;2.077339
30.490;4.525994;2.149955
30.500;4.507607;2.228654
30.510;4.494753;2.311891
30.520;4.487219;2.397646
30.530;4.484366;2.483710
30.540;4.485289;2.568065
30.550;4.488963;2.649223
30.560;4.494374;2.726372
30.570;4.500612;2.799305
30.580;4.506918;2.868184
30.590;4.512656;2.933262
30.600;4.517215;2.994664
30.610;4.519896;3.052264
30.620;4.519807;3.105696
30.630;4.515802;3.154458
30.640;4.506476;3.198082
30.650;4.490230;3.236298
30.660;4.465479;3.269210
30.670;4.431010;3.297450
30.680;4.386430;3.322222
30.690;4.332527;3.345109
30.700;4.271358;3.367627
30.710;4.205977;3.390693
30.720;4.139851;3.414246
30.730;4.076178;3.437240
30.740;4.017323;3.458003
30.750;3.964580;3.474768
30.760;3.918304;3.486122
30.770;3.878317;3.491239
30.780;3.844341;3.489916
30.790;3.816205;3.482524
30.800;3.793742;3.469950
30.810;3.776470;3.453527
30.820;3.763297;3.434929
30.830;3.752479;3.416022
30.840;3.741909;3.398642
30.850;3.729652;3.384287
30.860;3.714508;3.373769
30.870;3.696340;3.366960
30.880;3.675997;3.362749
30.890;3.654881;3.359289
30.900;3.634365;3.354460
30.910;3.615354;3.346397
30.920;3.598133;3.333906
30.930;3.582533;3.316625
30.940;3.568238;3.294914
30.950;3.555082;3.269540
30.960;3.543140;3.241341
30.970;3.532582;3.211015
30.980;3.523350;3.179077
30.990;3.514863;3.145960
31.000;3.505989;3.112099
31.010;3.495349;3.077900
31.020;3.481842;3.043620
31.030;3.465139;3.009250
31.040;3.445884;2.974503
31.050;3.425513;2.938916
31.060;3.405807;2.901973
31.070;3.388382;2.863205
31.080;3.374327;2.822208
31.090;3.364021;2.778637
31.100;3.357125;2.732204
31.110;3.352661;2.682688
31.120;3.349193;2.629934
31.130;3.345104;2.573784
31.140;3.338927;2.513941
31.150;3.329699;2.449851
31.160;3.317242;2.380705
31.170;3.302315;2.305675
31.180;3.286559;2.224327
31.190;3.272215;2.137059
31.200;3.261631;2.045312
31.210;3.256703;1.951404
31.220;3.258417;1.857980
31.230;3.266673;1.767330
31.240;3.280407;1.680858
31.250;3.297948;1.598941
31.260;3.317425;1.521146
31.270;3.337067;1.446689
31.280;3.355322;1.374878
31.290;3.370825;1.305386
31.300;3.382338;1.238261
31.310;3.388756;1.173716
31.320;3.389226;1.111842
31.330;3.383324;1.052435
31.340;3.371185;0.995011
31.350;3.353508;0.938990
31.360;3.331407;0.883927
31.370;3.306151;0.829618
31.380;3.278871;0.776057
31.390;3.250344;0.723341
31.400;3.220909;0.671676
31.410;3.190534;0.621530
31.420;3.159000;0.573818
31.430;3.126120;0.529942
31.440;3.091945;0.491586
31.450;3.056905;0.460331
31.460;3.021915;0.437256
31.470;2.988401;0.422720
31.480;2.958209;0.416442
31.490;2.933332;0.417786
31.500;2.915476;0.426086
31.510;2.905578;0.440781
31.520;2.903482;0.461313
31.530;2.907927;0.486873
31.540;2.916850;0.516213
31.550;2.927820;0.547639
31.560;2.938440;0.579201
31.570;2.946623;0.608967
31.580;2.950790;0.635282
31.590;2.950053;0.656946
31.600;2.944392;0.673338
31.610;2.934726;0.684488
31.620;2.922814;0.691103
31.630;2.910946;0.694534
31.640;2.901524;0.696669
31.650;2.896602;0.699724
31.660;2.897485;0.705961
31.670;2.904422;0.717370
31.680;2.916500;0.735419
31.690;2.931806;0.760961
31.700;2.947891;0.794307
31.710;2.962455;0.835373
31.720;2.974016;0.883777
31.730;2.982303;0.938793
31.740;2.988223;0.999176
31.750;2.993398;1.062991
31.760;2.999479;1.127627
31.770;3.007533;1.190133
31.780;3.017712;1.247814
31.790;3.029322;1.298851
31.800;3.041178;1.342684
31.810;3.052084;1.379976
31.820;3.061222;1.412210
31.830;3.068369;1.441088
31.840;3.073908;1.467988
31.850;3.078697;1.493729
31.860;3.083864;1.518705
31.870;3.090566;1.543283
31.880;3.099743;1.568185
31.890;3.111882;1.594639
31.900;3.126828;1.624229
31.910;3.143680;1.658530
31.920;3.160868;1.698684
31.930;3.176440;1.745071
31.940;3.188507;1.797162
31.950;3.195678;1.853597
31.960;3.197312;1.912435
31.970;3.193502;1.971511
31.980;3.184879;2.028811
31.990;3.172352;2.082795
32.000;3.156890;2.132613
32.010;3.139419;2.178166
32.020;3.120792;2.220006
32.030;3.101840;2.259080
32.040;3.083471;2.296436
32.050;3.066765;2.332995
32.060;3.052990;2.369431
32.070;3.043458;2.406123
32.080;3.039230;2.443162
32.090;3.040801;2.480396
32.100;3.047960;2.517586
32.110;3.059883;2.554610
32.120;3.075435;2.591672
32.130;3.093538;2.629377
32.140;3.113451;2.668625
32.150;3.134906;2.710296
32.160;3.158051;2.754884
32.170;3.183289;2.802257
32.180;3.211092;2.851676
32.190;3.241883;2.902075
32.200;3.276035;2.952415
32.210;3.313919;3.001904
32.220;3.355912;3.050012
32.230;3.402275;3.096323
32.240;3.452936;3.140378
32.250;3.507281;3.181619
32.260;3.564060;3.219479
32.270;3.621485;3.253565
32.280;3.677493;3.283866
32.290;3.730103;3.310906
32.300;3.777772;3.335765
32.310;3.819693;3.359915
32.320;3.855959;3.384866
32.330;3.887521;3.411731
32.340;3.915919;3.440862
32.350;3.942835;3.471715
32.360;3.969601;3.502982
32.370;3.996838;3.532953
32.380;4.024338;3.559969
32.390;4.051184;3.582834
32.400;4.076031;3.601070
32.410;4.097459;3.614972
32.420;4.114312;3.625472
32.430;4.125968;3.633869
32.440;4.132477;3.641485
32.450;4.134529;3.649372
32.460;4.133272;3.658107
32.470;4.130007;3.667739
32.480;4.125854;3.677851
32.490;4.121495;3.687731
32.500;4.117039;3.696579
32.510;4.112031;3.703651
32.520;4.105561;3.708314
32.530;4.096488;3.710042
32.540;4.083767;3.708461
32.550;4.066853;3.703477
32.560;4.046009;3.695452
32.570;4.022408;3.685247
32.580;3.997921;3.674063
32.590;3.974661;3.663050
32.600;3.954453;3.652864
32.610;3.938429;3.643378
32.620;3.926889;3.633687
32.630;3.919469;3.622407
32.640;3.915501;3.608105
32.650;3.914432;3.589682
32.660;3.916108;3.566610
32.670;3.920817;3.538975
32.680;3.929064;3.507380
32.690;3.941174;3.472792
32.700;3.956907;3.436360
32.710;3.975288;3.399253
32.720;3.994756;3.362534
32.730;4.013557;3.327088
32.740;4.030189;3.293618
32.750;4.043695;3.262675
32.760;4.053757;3.234696
32.770;4.060646;3.210001
32.780;4.065079;3.188768
32.790;4.068036;3.170977
32.800;4.070551;3.156394
32.810;4.073537;3.144602
32.820;4.077663;3.135080
32.830;4.083340;3.127280
32.840;4.090780;3.120633
32.850;4.100112;3.114518
32.860;4.111479;3.108230
32.870;4.125061;3.100990
32.880;4.141009;3.092029
32.890;4.159341;3.080723
32.900;4.179856;3.066742
32.910;4.202144;3.050184
32.920;4.225691;3.031641
32.930;4.250036;3.012173
32.940;4.274881;2.993174
32.950;4.300081;2.976131
32.960;4.325500;2.962319
32.970;4.350813;2.952533
32.980;4.375371;2.946907
32.990;4.398233;2.944849
33.000;4.418371;2.945081
33.010;4.434970;2.945787
33.020;4.447684;2.944885
33.030;4.456701;2.940400
33.040;4.462610;2.930869
33.050;4.466115;2.915675
33.060;4.467751;2.895174
33.070;4.467696;2.870562
33.080;4.465747;2.843513
33.090;4.461458;2.815725
33.100;4.454380;2.788545
33.110;4.444327;2.762791
33.120;4.431578;2.738810
33.130;4.416936;2.716654
33.140;4.401629;2.696263
33.150;4.387087;2.677573
33.160;4.374659;2.660593
33.170;4.365343;2.645499
33.180;4.359606;2.632715
33.190;4.357341;2.622891
33.200;4.357987;2.616762
33.210;4.360779;2.614932
33.220;4.365035;2.617663
33.230;4.370326;2.624732
33.240;4.376459;2.635412
33.250;4.383334;2.648628
33.260;4.390815;2.663241
33.270;4.398727;2.678337
33.280;4.406956;2.693358
33.290;4.415534;2.708037
33.300;4.424635;2.722221
33.310;4.434481;2.735751
33.320;4.445220;2.748520
33.330;4.456867;2.760679
33.340;4.469332;2.772886
33.350;4.482450;2.786426
33.360;4.495945;2.803092
33.370;4.509238;2.824837
33.380;4.521206;2.853292
33.390;4.530011;2.889299
33.400;4.533131;2.932574
33.410;4.527659;2.981567
33.420;4.510816;3.033577
33.430;4.480579;3.085150
33.440;4.436252;3.132751
33.450;4.378831;3.173584
33.460;4.311017;3.206313
33.470;4.236822;3.231336
33.480;4.160836;3.250476
33.490;4.087318;3.266170
33.500;4.019420;3.280536
33.510;3.958771;3.294695
33.520;3.905570;3.308595
33.530;3.859059;3.321315
33.540;3.818130;3.331641
33.550;3.781801;3.338608
33.560;3.749421;3.341807
33.570;3.720631;3.341373
33.580;3.695186;3.337754
33.590;3.672744;3.331438
33.600;3.652778;3.322759
33.610;3.634634;3.311814
33.620;3.617686;3.298446
33.630;3.601481;3.282256
33.640;3.585720;3.262645
33.650;3.570083;3.238905
33.660;3.553999;3.210404
33.670;3.536584;3.176823
33.680;3.516857;3.138405
33.690;3.494198;3.096116
33.700;3.468844;3.051624
33.710;3.442144;3.007078
33.720;3.416365;2.964717
33.730;3.394047;2.926446
33.740;3.377157;2.893530
33.750;3.366470;2.866454
33.760;3.361442;2.844958
33.770;3.360583;2.828162
33.780;3.362144;2.814712
33.790;3.364808;2.802930
33.800;3.368205;2.790996
33.810;3.373116;2.777202
33.820;3.381363;2.760266
33.830;3.395447;2.739647
33.840;3.417970;2.715724
33.850;3.450977;2.689760
33.860;3.495353;2.663617
33.870;3.550448;2.639274
33.880;3.614045;2.618324
33.890;3.682686;2.601592
33.900;3.752277;2.588975
33.910;3.818802;2.579528
33.920;3.878945;2.571738
33.930;3.930472;2.563908
33.940;3.972321;2.554547
33.950;4.004449;2.542676
33.960;4.027525;2.527998
33.970;4.042606;2.510898
33.980;4.050849;2.492273
33.990;4.053296;2.473215
34.000;4.050728;2.454655
34.010;4.043606;2.437128
34.020;4.032089;2.420760
34.030;4.016080;2.405441
34.040;3.995249;2.391057
34.050;3.969010;2.377635
34.060;3.936572;2.365380
34.070;3.897165;2.354609
34.080;3.850446;2.345623
34.090;3.796946;2.338532
34.100;3.738297;2.333089
34.110;3.677089;2.328637
34.120;3.616354;2.324253
34.130;3.558910;2.319038
34.140;3.506851;2.312427
34.150;3.461394;2.304360
34.160;3.423053;2.295273
34.170;3.391966;2.285914
34.180;3.368141;2.277088
34.190;3.351528;2.269407
34.200;3.341924;2.263148
34.210;3.338778;2.258276
34.220;3.340997;2.254643
34.230;3.346845;2.252258
34.240;3.353998;2.251494
34.250;3.359749;2.253090
34.260;3.361318;2.257952
34.270;3.356221;2.266851
34.280;3.342626;2.280140
34.290;3.319632;2.297590
34.300;3.287383;2.318330
34.310;3.246947;2.340936
34.320;3.199990;2.363666
34.330;3.148361;2.384830
34.340;3.093773;2.403199
34.350;3.037711;2.418245
34.360;2.981516;2.430124
34.370;2.926504;2.439410
34.380;2.873984;2.446778
34.390;2.825181;2.452803
34.400;2.781144;2.457956
34.410;2.742731;2.462687
34.420;2.710651;2.467447
34.430;2.685523;2.472615
34.440;2.667883;2.478371
34.450;2.658094;2.484631
34.460;2.656195;2.491086
34.470;2.661701;2.497320
34.480;2.673468;2.502964
34.490;2.689669;2.507800
34.500;2.707923;2.511788
34.510;2.725536;2.514985
34.520;2.739795;2.517428
34.530;2.748264;2.519071
34.540;2.749069;2.519785
34.550;2.741144;2.519433
34.560;2.724428;2.517912
34.570;2.699976;2.515132
34.580;2.669918;2.510890
34.590;2.637248;2.504735
34.600;2.605408;2.495926
34.610;2.577728;2.483592
34.620;2.556848;2.467094
34.630;2.544321;2.446406
34.640;2.540539;2.422307
34.650;2.544996;2.396238
34.660;2.556778;2.369881
34.670;2.575044;2.344651
34.680;2.599320;2.321344
34.690;2.629527;2.300073
34.700;2.665790;2.280443
34.710;2.708192;2.261848
34.720;2.756610;2.243706
34.730;2.810695;2.225564
34.740;2.869961;2.207049
34.750;2.933890;2.187759
34.760;3.001982;2.167172
34.770;3.073700;2.144657
34.780;3.148322;2.119595
34.790;3.224740;2.091531
34.800;3.301327;2.060284
34.810;3.376005;2.025962
34.820;3.446557;1.988907
34.830;3.511100;1.949600
34.840;3.568550;1.908583
34.850;3.618893;1.866421
34.860;3.663172;1.823656
34.870;3.703183;1.780712
34.880;3.741010;1.737766
34.890;3.778569;1.694658
34.900;3.817300;1.650980
34.910;3.858045;1.606290
34.920;3.901089;1.560350
34.930;3.946300;1.513225
34.940;3.993296;1.465224
34.950;4.041589;1.416769
34.960;4.090671;1.368301
34.970;4.140031;1.320251
34.980;4.189153;1.273083
34.990;4.237508;1.227307
35.000;4.284553;1.183394
35.010;4.329743;1.141606
35.020;4.372562;1.101860
35.030;4.412600;1.063760
35.040;4.449694;1.026802
35.050;4.484053;0.990667
35.060;4.516287;0.955423
35.070;4.547277;0.921548
35.080;4.577919;0.889750
35.090;4.608841;0.860698
35.100;4.640172;0.834798
35.110;4.671427;0.812115
35.120;4.701570;0.792447
35.130;4.729219;0.775483
35.140;4.752947;0.760956
35.150;4.771526;0.748754
35.160;4.784072;0.739003
35.170;4.790057;0.732079
35.180;4.789264;0.728542
35.190;4.781755;0.728972
35.200;4.767846;0.733810
35.210;4.748079;0.743255
35.220;4.723106;0.757260
35.230;4.693549;0.775549
35.240;4.659871;0.797625
35.250;4.622345;0.822771
35.260;4.581111;0.850119
35.270;4.536286;0.878827
35.280;4.488079;0.908353
35.290;4.436865;0.938698
35.300;4.383193;0.970482
35.310;4.327707;1.004766
35.320;4.271016;1.042699
35.330;4.213569;1.085144
35.340;4.155577;1.132447
35.350;4.096988;1.184429
35.360;4.037484;1.240540
35.370;3.976515;1.300064
35.380;3.913378;1.362297
35.390;3.847409;1.426623
35.400;3.778267;1.492492
35.410;3.706185;1.559292
35.420;3.632070;1.626220
35.430;3.557359;1.692205
35.440;3.483705;1.755987
35.450;3.412637;1.816284
35.460;3.345308;1.871965
35.470;3.282383;1.922160
35.480;3.224062;1.966248
35.490;3.170196;2.003755
35.500;3.120461;2.034218
35.510;3.074531;2.057104
35.520;3.032198;2.071869
35.530;2.993369;2.078199
35.540;2.957949;2.076325
35.550;2.925643;2.067265
35.560;2.895822;2.052826
35.570;2.867557;2.035330
35.580;2.839867;2.017130
35.590;2.812096;2.000101
35.600;2.784263;1.985260
35.610;2.757170;1.972625
35.620;2.732194;1.961357
35.630;2.710847;1.950116
35.640;2.694294;1.937507
35.650;2.683038;1.922430
35.660;2.676875;1.904236
35.670;2.675061;1.882680
35.680;2.676581;1.857772
35.690;2.680384;1.829643
35.700;2.685538;1.798515
35.710;2.691310;1.764754
35.720;2.697198;1.728945
35.730;2.702950;1.691928
35.740;2.708533;1.654775
35.750;2.714074;1.618726
35.760;2.719786;1.585096
35.770;2.725955;1.555134
35.780;2.732969;1.529824
35.790;2.741344;1.509657
35.800;2.751660;1.494464
35.810;2.764419;1.483430
35.820;2.779932;1.475336
35.830;2.798347;1.468928
35.840;2.819856;1.463292
35.850;2.844958;1.458075
35.860;2.874634;1.453495
35.870;2.910311;1.450115
35.880;2.953631;1.448457
35.890;3.006091;1.448604
35.900;3.068632;1.449957
35.910;3.141272;1.451280
35.920;3.222855;1.450999
35.930;3.311030;1.447631
35.940;3.402508;1.440139
35.950;3.493565;1.428111
35.960;3.580673;1.411742
35.970;3.661080;1.391702
35.980;3.733223;1.368951
35.990;3.796842;1.344553
36.000;3.852795;1.319526
36.010;3.902593;1.294728
36.020;3.947831;1.270778
36.030;3.989719;1.248007
36.040;4.028894;1.226439
36.050;4.065559;1.205799
36.060;4.099793;1.185559
36.070;4.131848;1.164999
36.080;4.162296;1.143321
36.090;4.191973;1.119799
36.100;4.221740;1.093971
36.110;4.252159;1.065807
36.120;4.283218;1.035747
36.130;4.314244;1.004544
36.140;4.344056;0.972935
36.150;4.371309;0.941273
36.160;4.394907;0.909326
36.170;4.414365;0.876294
36.180;4.429993;0.841053
36.190;4.442865;0.802508
36.200;4.454576;0.759967
36.210;4.466884;0.713431
36.220;4.481337;0.663696
36.230;4.499017;0.612206
36.240;4.520454;0.560736
36.250;4.545694;0.510988
36.260;4.574434;0.464281
36.270;4.606146;0.421381
36.280;4.640135;0.382537
36.290;4.675564;0.347631
36.300;4.711478;0.316382
36.310;4.746861;0.288477
36.320;4.780705;0.263595
36.330;4.812085;0.241322
36.340;4.840215;0.221034
36.350;4.864495;0.201852
36.360;4.884533;0.182744
36.370;4.900141;0.162737
36.380;4.911325;0.141163
36.390;4.918261;0.117843
36.400;4.921265;0.093136
36.410;4.920744;0.067798
36.420;4.917119;0.042708
36.430;4.910755;0.018556
36.440;4.901917;-0.004322
36.450;4.890797;-0.025892
36.460;4.877610;-0.046214
36.470;4.862708;-0.065215
36.480;4.846678;-0.082573
36.490;4.830363;-0.097767
36.500;4.814771;-0.110275
36.510;4.800850;-0.119826
36.520;4.789191;-0.126629
36.530;4.779761;-0.131439
36.540;4.771816;-0.135413
36.550;4.764051;-0.139770
36.560;4.754988;-0.145411
36.570;4.743484;-0.152638
36.580;4.729147;-0.161074
36.590;4.712481;-0.169776
36.600;4.694647;-0.177480
36.610;4.676908;-0.182878
36.620;4.660000;-0.184855
36.630;4.643731;-0.182625
36.640;4.626991;-0.175763
36.650;4.608174;-0.164144
36.660;4.585813;-0.147859
36.670;4.559124;-0.127141
36.680;4.528235;-0.102316
36.690;4.494023;-0.073745
36.700;4.457698;-0.041740
36.710;4.420370;-0.006478
36.720;4.382778;0.031995
36.730;4.345226;0.073654
36.740;4.307646;0.118289
36.750;4.269755;0.165327
36.760;4.231275;0.213825
36.770;4.192157;0.262668
36.780;4.152733;0.310863
36.790;4.113698;0.357766
36.800;4.075886;0.403114
36.810;4.039912;0.446873
36.820;4.005811;0.489001
36.830;3.972853;0.529227
36.840;3.939620;0.566940
36.850;3.904332;0.601201
36.860;3.865305;0.630847
36.870;3.821373;0.654672
36.880;3.772175;0.671658
36.890;3.718264;0.681263
36.900;3.661048;0.683713
36.910;3.602596;0.680170
36.920;3.545329;0.672654
36.930;3.491648;0.663685
36.940;3.443571;0.655765
36.950;3.402434;0.650886
36.960;3.368725;0.650238
36.970;3.342098;0.654137
36.980;3.321590;0.662095
36.990;3.305989;0.672973
37.000;3.294255;0.685207
37.010;3.285829;0.697129
37.020;3.280756;0.707363
37.030;3.279570;0.715206
37.040;3.283019;0.720820
37.050;3.291746;0.725167
37.060;3.306029;0.729687
37.070;3.325676;0.735855
37.080;3.350077;0.744738
37.090;3.378360;0.756673
37.100;3.409571;0.771149
37.110;3.442860;0.786956
37.120;3.477657;0.802535
37.130;3.513828;0.816390
37.140;3.551701;0.827421
37.150;3.591912;0.835114
37.160;3.635072;0.839613
37.170;3.681425;0.841718
37.180;3.730621;0.842788
37.190;3.781712;0.844494
37.200;3.833332;0.848416
37.210;3.883976;0.855594
37.220;3.932214;0.866205
37.230;3.976762;0.879545
37.240;4.016419;0.894388
37.250;4.049989;0.909559
37.260;4.076294;0.924439
37.270;4.094325;0.939152
37.280;4.103456;0.954358
37.290;4.103605;0.970806
37.300;4.095231;0.988861
37.310;4.079176;1.008247
37.320;4.056439;1.028121
37.330;4.027997;1.047432
37.340;3.994749;1.065355
37.350;3.957606;1.081572
37.360;3.917644;1.096294
37.370;3.876242;1.110083
37.380;3.835120;1.123595
37.390;3.796261;1.137369
37.400;3.761741;1.151706
37.410;3.733503;1.166643
37.420;3.713074;1.182011
37.430;3.701293;1.197527
37.440;3.698129;1.212917
37.450;3.702656;1.228035
37.460;3.713186;1.242952
37.470;3.727527;1.257968
37.480;3.743277;1.273528
37.490;3.758140;1.290070
37.500;3.770198;1.307860
37.510;3.778142;1.326846
37.520;3.781390;1.346567
37.530;3.780081;1.366145
37.540;3.774956;1.384424
37.550;3.767182;1.400253
37.560;3.758137;1.412860
37.570;3.749177;1.422158
37.580;3.741379;1.428864
37.590;3.735295;1.434336
37.600;3.730815;1.440208
37.610;3.727195;1.447960
37.620;3.723288;1.458612
37.630;3.717891;1.472599
37.640;3.710133;1.489827
37.650;3.699780;1.509777
37.660;3.687349;1.531571
37.670;3.673954;1.554005
37.680;3.660942;1.575649
37.690;3.649445;1.595104
37.700;3.640022;1.611405
37.710;3.632530;1.624383
37.720;3.626253;1.634773
37.730;3.620256;1.643939
37.740;3.613792;1.653313
37.750;3.606603;1.663779
37.760;3.599002;1.675304
37.770;3.591762;1.686944
37.780;3.585918;1.697207
37.790;3.582610;1.704565
37.800;3.582977;1.707883
37.810;3.588098;1.706597
37.820;3.598931;1.700678
37.830;3.616236;1.690524
37.840;3.640509;1.676898
37.850;3.671906;1.660915
37.860;3.710165;1.643940
37.870;3.754528;1.627311
37.880;3.803719;1.612000
37.890;3.856013;1.598380
37.900;3.909432;1.586285
37.910;3.962030;1.575259
37.920;4.012212;1.564856
37.930;4.058980;1.554783
37.940;4.102071;1.544859
37.950;4.141949;1.534869
37.960;4.179654;1.524479
37.970;4.216519;1.513297
37.980;4.253809;1.501062
37.990;4.292392;1.487801
38.000;4.332533;1.473873
38.010;4.373875;1.459848
38.020;4.415589;1.446314
38.030;4.456643;1.433674
38.040;4.496102;1.421999
38.050;4.533381;1.410991
38.060;4.568336;1.400053
38.070;4.601205;1.388448
38.080;4.632441;1.375503
38.090;4.662535;1.360789
38.100;4.691921;1.344238
38.110;4.720974;1.326125
38.120;4.750080;1.306927
38.130;4.779672;1.287131
38.140;4.810170;1.267060
38.150;4.841846;1.246828
38.160;4.874708;1.226429
38.170;4.908467;1.205902
38.180;4.942583;1.185502
38.190;4.976333;1.165790
38.200;5.008917;1.147641
38.210;5.039608;1.132155
38.220;5.067949;1.120480
38.230;5.093931;1.113556
38.240;5.118068;1.111822
38.250;5.141291;1.115032
38.260;5.164694;1.122256
38.270;5.189207;1.132100
38.280;5.215317;1.143087
38.290;5.242956;1.154088
38.300;5.271573;1.164674
38.310;5.300338;1.175263
38.320;5.328335;1.187016
38.330;5.354679;1.201482
38.340;5.378543;1.220127
38.350;5.399135;1.243877
38.360;5.415697;1.272851
38.370;5.427536;1.306372
38.380;5.434100;1.343280
38.390;5.435082;1.382413
38.400;5.430492;1.423052
38.410;5.420666;1.465095
38.420;5.406182;1.508867
38.430;5.387731;1.554699
38.440;5.365968;1.602520
38.450;5.341384;1.651725
38.460;5.314181;1.701374
38.470;5.284171;1.750633
38.480;5.250740;1.799200
38.490;5.212895;1.847482
38.500;5.169403;1.896442
38.510;5.118991;1.947172
38.520;5.060627;2.000409
38.530;4.993819;2.056178
38.540;4.918859;2.113704
38.550;4.836894;2.171585
38.560;4.749748;2.228147
38.570;4.659533;2.281878
38.580;4.568203;2.331768
38.590;4.477220;2.377449
38.600;4.387446;2.419102
38.610;4.299259;2.457224
38.620;4.212766;2.492379
38.630;4.127970;2.525075
38.640;4.044817;2.555750
38.650;3.963145;2.584806
38.660;3.882642;2.612578
38.670;3.802890;2.639224
38.680;3.723493;2.664601
38.690;3.644247;2.688220
38.700;3.565266;2.709322
38.710;3.487000;2.727074
38.720;3.410153;2.740778
38.730;3.335546;2.750018
38.740;3.264024;2.754717
38.750;3.196449;2.755136
38.760;3.133709;2.751896
38.770;3.076693;2.746003
38.780;3.026167;2.738833
38.790;2.982591;2.731989
38.800;2.945932;2.727067
38.810;2.915606;2.725396
38.820;2.890552;2.727835
38.830;2.869446;2.734627
38.840;2.850961;2.745347
38.850;2.834022;2.758972
38.860;2.817967;2.774120
38.870;2.802586;2.789411
38.880;2.788033;2.803874
38.890;2.774647;2.817208
38.900;2.762746;2.829789
38.910;2.752462;2.842398
38.920;2.743699;2.855790
38.930;2.736234;2.870318
38.940;2.729922;2.885822
38.950;2.724903;2.901829
38.960;2.721731;2.917954
38.970;2.721414;2.934247
38.980;2.725369;2.951281
38.990;2.735322;2.969955
39.000;2.753074;2.991128
39.010;2.780092;3.015302
39.020;2.816959;3.042462
39.030;2.862864;3.072085
39.040;2.915408;3.103276
39.050;2.970902;3.134966
39.060;3.025140;3.166070
39.070;3.074412;3.195587
39.080;3.116385;3.222599
39.090;3.150552;3.246277
39.100;3.178094;3.265942
39.110;3.201243;3.281195
39.120;3.222415;3.292075
39.130;3.243475;3.299177
39.140;3.265383;3.303662
39.150;3.288224;3.307102
39.160;3.311500;3.311115
39.170;3.334470;3.316890
39.180;3.356394;3.324772
39.190;3.376580;3.334086
39.200;3.394239;3.343266
39.210;3.408257;3.350245
39.220;3.417075;3.352956
39.230;3.418798;3.349799
39.240;3.411551;3.339953
39.250;3.394018;3.323488
39.260;3.365970;3.301296
39.270;3.328574;3.274884
39.280;3.284258;3.246065
39.290;3.236138;3.216623
39.300;3.187222;3.188009
39.310;3.139764;3.161131
39.320;3.095002;3.136309
39.330;3.053327;3.113391
39.340;3.014700;3.092013
39.350;2.979087;3.071865
39.360;2.946723;3.052818
39.370;2.918151;3.034848
39.380;2.894082;3.017833
39.390;2.875201;3.001384
39.400;2.862020;2.984842
39.410;2.854826;2.967454
39.420;2.853708;2.948645
39.430;2.858599;2.928240
39.440;2.869331;2.906520
39.450;2.885700;2.884100
39.460;2.907512;2.861716
39.470;2.934590;2.840038
39.480;2.966685;2.819583
39.490;3.003358;2.800660
39.500;3.043886;2.783296
39.510;3.087315;2.767132
39.520;3.132684;2.751373
39.530;3.179361;2.734863
39.540;3.227313;2.716294
39.550;3.277124;2.694489
39.560;3.329695;2.668674
39.570;3.385709;2.638690
39.580;3.445081;2.605127
39.590;3.506621;2.569346
39.600;3.568117;2.533375
39.610;3.626822;2.499638
39.620;3.680159;2.470535
39.630;3.726362;2.447941
39.640;3.764804;2.432774
39.650;3.795934;2.424766
39.660;3.820895;2.422558
39.670;3.840999;2.424068
39.680;3.857249;2.427055
39.690;3.870090;2.429668
39.700;3.879456;2.430847
39.710;3.885062;2.430469
39.720;3.886783;2.429236
39.730;3.884918;2.428370
39.740;3.880236;2.429208
39.750;3.873775;2.432855
39.760;3.866535;2.439990
39.770;3.859233;2.450854
39.780;3.852243;2.465360
39.790;3.845696;2.483258
39.800;3.839621;2.504263
39.810;3.834043;2.528144
39.820;3.828983;2.554720
39.830;3.824385;2.583801
39.840;3.820028;2.615103
39.850;3.815488;2.648205
39.860;3.810189;2.682557
39.870;3.803558;2.717552
39.880;3.795275;2.752597
39.890;3.785526;2.787183
39.900;3.775139;2.820898
39.910;3.765500;2.853428
39.920;3.758212;2.884553
39.930;3.754622;2.914191
39.940;3.755426;2.942442
39.950;3.760526;2.969562
39.960;3.769219;2.995823
39.970;3.780591;3.021311
39.980;3.793942;3.045804
39.990;3.809032;3.068843
40.000;3.826084;3.089950
40.010;3.845589;3.108880
40.020;3.868012;3.125808
40.030;3.893509;3.141342
40.040;3.921747;3.156356
40.050;3.951881;3.171652
40.060;3.982742;3.187579
40.070;4.013193;3.203770
40.080;4.042543;3.219087
40.090;4.070811;3.231802
40.100;4.098699;3.239967
40.110;4.127307;3.241875
40.120;4.157748;3.236472
40.130;4.190854;3.223581
40.140;4.227088;3.203856
40.150;4.266596;3.178514
40.160;4.309316;3.148999
40.170;4.355048;3.116710
40.180;4.403483;3.082866
40.190;4.454217;3.048455
40.200;4.506771;3.014232
40.210;4.560642;2.980718
40.220;4.615347;2.948199
40.230;4.670429;2.916743
40.240;4.725394;2.886254
40.250;4.779610;2.856534
40.260;4.832208;2.827296
40.270;4.882064;2.798156
40.280;4.927911;2.768625
40.290;4.968579;2.738190
40.300;5.003287;2.706472
40.310;5.031848;2.673368
40.320;5.054700;2.639074
40.330;5.072726;2.604000
40.340;5.086979;2.568666
40.350;5.098391;2.533703
40.360;5.107576;2.499927
40.370;5.114725;2.468365
40.380;5.119592;2.440173
40.390;5.121594;2.416463
40.400;5.120013;2.398145
40.410;5.114265;2.385855
40.420;5.104110;2.379958
40.430;5.089761;2.380582
40.440;5.071870;2.387625
40.450;5.051420;2.400703
40.460;5.029527;2.419081
40.470;5.007160;2.441640
40.480;4.984845;2.466968
40.490;4.962502;2.493577
40.500;4.939503;2.520141
40.510;4.914981;2.545673
40.520;4.888243;2.569557
40.530;4.859120;2.591460
40.540;4.828112;2.611198
40.550;4.796335;2.628648
40.560;4.765334;2.643734
40.570;4.736863;2.656477
40.580;4.712646;2.667042
40.590;4.694139;2.675757
40.600;4.682297;2.683084
40.610;4.677403;2.689542
40.620;4.679089;2.695606
40.630;4.686587;2.701622
40.640;4.699136;2.707784
40.650;4.716336;2.714172
40.660;4.738277;2.720799
40.670;4.765447;2.727671
40.680;4.798498;2.734843
40.690;4.838011;2.742499
40.700;4.884320;2.751079
40.710;4.937425;2.761388
40.720;4.997021;2.774642
40.730;5.062610;2.792324
40.740;5.133663;2.815784
40.750;5.209705;2.845682
40.760;5.290279;2.881520
40.770;5.374816;2.921543
40.780;5.462529;2.963083
40.790;5.552404;3.003226
40.800;5.643301;3.039488
40.810;5.734055;3.070237
40.820;5.823522;3.094725
40.830;5.910564;3.112841
40.840;5.994051;3.124768
40.850;6.072926;3.130778
40.860;6.146353;3.131233
40.870;6.213870;3.126708
40.880;6.275448;3.118063
40.890;6.331383;3.106362
40.900;6.382044;3.092622
40.910;6.427621;3.077480
40.920;6.468014;3.060898
40.930;6.502889;3.042058
40.940;6.531846;3.019522
40.950;6.554576;2.991642
40.960;6.570957;2.957057
40.970;6.581044;2.915085
40.980;6.584997;2.865901
40.990;6.582961;2.810487
41.000;6.575005;2.750401
41.010;6.561179;2.687431
41.020;6.541663;2.623197
41.030;6.516884;2.558819
41.040;6.487521;2.494780
41.050;6.454365;2.431010
41.060;6.418128;2.367099
41.070;6.379298;2.302525
41.080;6.338110;2.236785
41.090;6.294624;2.169437
41.100;6.248849;2.100139
41.110;6.200857;2.028755
41.120;6.150865;1.955566
41.130;6.099255;1.881448
41.140;6.046540;1.807876
41.150;5.993274;1.736676
41.160;5.939948;1.669612
41.170;5.886891;1.607982
41.180;5.834210;1.552367
41.190;5.781788;1.502610
41.200;5.729339;1.457981
41.210;5.676543;1.417459
41.220;5.623219;1.380009
41.230;5.569494;1.344826
41.240;5.515858;1.311471
41.250;5.463047;1.279914
41.260;5.411763;1.250444
41.270;5.362369;1.223511
41.280;5.314695;1.199532
41.290;5.268086;1.178767
41.300;5.221629;1.161291
41.310;5.174464;1.147021
41.320;5.126017;1.135768
41.330;5.076112;1.127228
41.340;5.024970;1.120936
41.350;4.973127;1.116207
41.360;4.921288;1.112157
41.370;4.870119;1.107875
41.380;4.820039;1.102723
41.390;4.771071;1.096608
41.400;4.722762;1.090057
41.410;4.674169;1.084047
41.420;4.623920;1.079698
41.430;4.570350;1.077998
41.440;4.511741;1.079657
41.450;4.446598;1.085099
41.460;4.373874;1.094553
41.470;4.293081;1.108184
41.480;4.204260;1.126160
41.490;4.107874;1.148609
41.500;4.004684;1.175427
41.510;3.895731;1.206032
41.520;3.782420;1.239211
41.530;3.666667;1.273210
41.540;3.550979;1.306061
41.550;3.438397;1.336043
41.560;3.332272;1.362073
41.570;3.235924;1.383886
41.580;3.152265;1.401937
41.590;3.083428;1.417115
41.600;3.030487;1.430373
41.610;2.993316;1.442463
41.620;2.970631;1.453841
41.630;2.960253;1.464719
41.640;2.959523;1.475137
41.650;2.965783;1.484990
41.660;2.976747;1.493995
41.670;2.990619;1.501659
41.680;3.005969;1.507275
41.690;3.021485;1.509999
41.700;3.035817;1.509032
41.710;3.047684;1.503919
41.720;3.056226;1.494818
41.730;3.061453;1.482586
41.740;3.064528;1.468587
41.750;3.067700;1.454303
41.760;3.073854;1.440974
41.770;3.085782;1.429445
41.780;3.105426;1.420243
41.790;3.133345;1.413749
41.800;3.168595;1.410276
41.810;3.209050;1.409988
41.820;3.252006;1.412723
41.830;3.294869;1.417825
41.840;3.335705;1.424088
41.850;3.373544;1.429848
41.860;3.408398;1.433194
41.870;3.441032;1.432276
41.880;3.472624;1.425618
41.890;3.504412;1.412354
41.900;3.537419;1.392316
41.910;3.572267;1.366008
41.920;3.609063;1.334513
41.930;3.647365;1.299391
41.940;3.686229;1.262543
41.950;3.724352;1.226047
41.960;3.760275;1.191959
41.970;3.792603;1.162103
41.980;3.820186;1.137873
41.990;3.842207;1.120065
42.000;3.858182;1.108779
42.010;3.867878;1.103401
42.020;3.871255;1.102684
42.030;3.868502;1.104934
42.040;3.860208;1.108287
42.050;3.847551;1.111036
42.060;3.832370;1.111934
42.070;3.816979;1.110387
42.080;3.803744;1.106517
42.090;3.794582;1.101048
42.100;3.790541;1.095034
42.110;3.791638;1.089511
42.120;3.796986;1.085183
42.130;3.805136;1.082282
42.140;3.814495;1.080615
42.150;3.823684;1.079779
42.160;3.831737;1.079451
42.170;3.838125;1.079652
42.180;3.842656;1.080848
42.190;3.845347;1.083824
42.200;3.846327;1.089361
42.210;3.845785;1.097843
42.220;3.843949;1.109010
42.230;3.841091;1.121951
42.240;3.837537;1.135384
42.250;3.833688;1.148073
42.260;3.830012;1.159216
42.270;3.826974;1.168630
42.280;3.824887;1.176696
42.290;3.823753;1.184086
42.300;3.823157;1.191375
42.310;3.822330;1.198708
42.320;3.820382;1.205684
42.330;3.816624;1.211511
42.340;3.810849;1.215367
42.350;3.803440;1.216752
42.360;3.795231;1.215655
42.370;3.787153;1.212461
42.380;3.779837;1.207696
42.390;3.773361;1.201768
42.400;3.767281;1.194834
42.410;3.760934;1.186857
42.420;3.753852;1.177806
42.430;3.746111;1.167895
42.440;3.738437;1.157700
42.450;3.732038;1.148047
42.460;3.728247;1.139703
42.470;3.728122;1.133017
42.480;3.732189;1.127693
42.490;3.740389;1.122843
42.500;3.752247;1.117339
42.510;3.767140;1.110316
42.520;3.784537;1.101565
42.530;3.804106;1.091599
42.540;3.825656;1.081360
42.550;3.848988;1.071710
42.560;3.873769;1.062994
42.570;3.899537;1.054853
42.580;3.925837;1.046391
42.590;3.952419;1.036530
42.600;3.979389;1.024389
42.610;4.007216;1.009510
42.620;4.036572;0.991928
42.630;4.068043;0.972092
42.640;4.101842;0.950684
42.650;4.137657;0.928380
42.660;4.174748;0.905632
42.670;4.212255;0.882564
42.680;4.249568;0.859010
42.690;4.286573;0.834660
42.700;4.323672;0.809247
42.710;4.361582;0.782680
42.720;4.400976;0.755092
42.730;4.442127;0.726801
42.740;4.484692;0.698235
42.750;4.527722;0.669843
42.760;4.569880;0.642007
42.770;4.609741;0.614964
42.780;4.646096;0.588749
42.790;4.678145;0.563191
42.800;4.705593;0.537970
42.810;4.728610;0.512745
42.820;4.747681;0.487315
42.830;4.763401;0.461738
42.840;4.776276;0.436381
42.850;4.786630;0.411862
42.860;4.794635;0.388942
42.870;4.800415;0.368393
42.880;4.804095;0.350851
42.890;4.805717;0.336678
42.900;4.805019;0.325841
42.910;4.801188;0.317877
42.920;4.792752;0.311956
42.930;4.777723;0.307052
42.940;4.754044;0.302191
42.950;4.720188;0.296723
42.960;4.675710;0.290537
42.970;4.621468;0.284092
42.980;4.559386;0.278184
42.990;4.491820;0.273556
43.000;4.420866;0.270500
43.010;4.347925;0.268677
43.020;4.273728;0.267194
43.030;4.198748;0.264907
43.040;4.123775;0.260824
43.050;4.050350;0.254440
43.060;3.980835;0.245903
43.070;3.918048;0.235945
43.080;3.864614;0.225618
43.090;3.822294;0.215947
43.100;3.791580;0.207636
43.110;3.771709;0.200896
43.120;3.761004;0.195415
43.130;3.757337;0.190420
43.140;3.758475;0.184800
43.150;3.762273;0.177300
43.160;3.766776;0.166773
43.170;3.770332;0.152436
43.180;3.771738;0.134092
43.190;3.770353;0.112250
43.200;3.766109;0.088112
43.210;3.759409;0.063429
43.220;3.750912;0.040200
43.230;3.741329;0.020280
43.240;3.731288;0.004972
43.250;3.721339;-0.005276
43.260;3.712032;-0.010983
43.270;3.703965;-0.013487
43.280;3.697696;-0.014580
43.290;3.693550;-0.016053
43.300;3.691436;-0.019320
43.310;3.690802;-0.025193
43.320;3.690775;-0.033844
43.330;3.690431;-0.044908
43.340;3.689106;-0.057713
43.350;3.686627;-0.071599
43.360;3.683412;-0.086214
43.370;3.680407;-0.101700
43.380;3.678864;-0.118680
43.390;3.680039;-0.138051
43.400;3.684875;-0.160673
43.410;3.693763;-0.187086
43.420;3.706453;-0.217399
43.430;3.722091;-0.251398
43.440;3.739346;-0.288783
43.450;3.756549;-0.329324
43.460;3.771830;-0.372792
43.470;3.783293;-0.418652
43.480;3.789217;-0.465713
43.490;3.788245;-0.512012
43.500;3.779507;-0.555107
43.510;3.762592;-0.592751
43.520;3.737422;-0.623679
43.530;3.704117;-0.648134
43.540;3.662968;-0.667868
43.550;3.614568;-0.685561
43.560;3.559994;-0.703897
43.570;3.500917;-0.724648
43.580;3.439545;-0.748127
43.590;3.378362;-0.773179
43.600;3.319760;-0.797633
43.610;3.265691;-0.818981
43.620;3.217455;-0.835003
43.630;3.175653;-0.844148
43.640;3.140253;-0.845637
43.650;3.110732;-0.839365
43.660;3.086272;-0.825726
43.670;3.065981;-0.805431
43.680;3.049069;-0.779390
43.690;3.034903;-0.748663
43.700;3.022919;-0.714451
43.710;3.012445;-0.678056
43.720;3.002549;-0.640739
43.730;2.991993;-0.603502
43.740;2.979342;-0.566912
43.750;2.963205;-0.531087
43.760;2.942501;-0.495886
43.770;2.916677;-0.461191
43.780;2.885788;-0.427138
43.790;2.850454;-0.394175
43.800;2.811719;-0.362940
43.810;2.770901;-0.334022
43.820;2.729463;-0.307711
43.830;2.688901;-0.283857
43.840;2.650641;-0.261871
43.850;2.615956;-0.240877
43.860;2.585876;-0.219954
43.870;2.561100;-0.198388
43.880;2.541855;-0.175891
43.890;2.527734;-0.152736
43.900;2.517614;-0.129790
43.910;2.509757;-0.108440
43.920;2.502123;-0.090378
43.930;2.492847;-0.077284
43.940;2.480706;-0.070458
43.950;2.465398;-0.070511
43.960;2.447479;-0.077212
43.970;2.427967;-0.089540
43.980;2.407794;-0.105945
43.990;2.387377;-0.124744
44.000;2.366528;-0.144519
44.010;2.344684;-0.164368
44.020;2.321320;-0.183898
44.030;2.296310;-0.203005
44.040;2.270117;-0.221585
44.050;2.243766;-0.239345
44.060;2.218637;-0.255793
44.070;2.196169;-0.270386
44.080;2.177575;-0.282770
44.090;2.163659;-0.292968
44.100;2.154803;-0.301418
44.110;2.151070;-0.308798
44.120;2.152346;-0.315743
44.130;2.158428;-0.322590
44.140;2.168980;-0.329320
44.150;2.183416;-0.335705
44.160;2.200774;-0.341543
44.170;2.219721;-0.346819
44.180;2.238721;-0.351684
44.190;2.256342;-0.356298
44.200;2.271591;-0.360641
44.210;2.284137;-0.364433
44.220;2.294332;-0.367216
44.230;2.303016;-0.368562
44.240;2.311154;-0.368297
44.250;2.319448;-0.366673
44.260;2.328025;-0.364400
44.270;2.336304;-0.362535
44.280;2.343119;-0.362218
44.290;2.347075;-0.364351
44.300;2.347052;-0.369302
44.310;2.342647;-0.376774
44.320;2.334343;-0.385888
44.330;2.323323;-0.395484
44.340;2.310989;-0.404548
44.350;2.298444;-0.412597
44.360;2.286143;-0.419876
44.370;2.273825;-0.427294
44.380;2.260739;-0.436127
44.390;2.246088;-0.447590
44.400;2.229533;-0.462414
44.410;2.211552;-0.480606
44.420;2.193459;-0.501474
44.430;2.177002;-0.523883
44.440;2.163731;-0.546597
44.450;2.154434;-0.568545
44.460;2.148934;-0.588944
44.470;2.146288;-0.607334
44.480;2.145226;-0.623570
44.490;2.144597;-0.637810
44.500;2.143667;-0.650477
44.510;2.142211;-0.662143
44.520;2.140454;-0.673320
44.530;2.138921;-0.684209
44.540;2.138289;-0.694497
44.550;2.139261;-0.703320
44.560;2.142437;-0.709432
44.570;2.148148;-0.711545
44.580;2.156323;-0.708692
44.590;2.166446;-0.700443
44.600;2.177692;-0.686868
44.610;2.189186;-0.668299
44.620;2.200325;-0.645053
44.630;2.211051;-0.617281
44.640;2.221987;-0.584985
44.650;2.234367;-0.548161
44.660;2.249709;-0.506949
44.670;2.269328;-0.461731
44.680;2.293901;-0.413145
44.690;2.323284;-0.362023
44.700;2.356648;-0.309255
44.710;2.392858;-0.255649
44.720;2.430897;-0.201863
44.730;2.470137;-0.148489
44.740;2.510351;-0.096242
44.750;2.551447;-0.046105
44.760;2.593043;0.000681
44.770;2.634118;0.042845
44.780;2.672923;0.079413
44.790;2.707246;0.109998
44.800;2.734916;0.134943
44.810;2.754349;0.155264
44.820;2.764910;0.172439
44.830;2.767008;0.188131
44.840;2.761914;0.203929
44.850;2.751434;0.221147
44.860;2.737552;0.240695
44.870;2.722135;0.262959
44.880;2.706753;0.287740
44.890;2.692598;0.314286
44.900;2.680474;0.341476
44.910;2.670812;0.368077
44.920;2.663667;0.392997
44.930;2.658694;0.415444
44.940;2.655155;0.434984
44.950;2.652015;0.451538
44.960;2.648118;0.465315
44.970;2.642389;0.476735
44.980;2.633957;0.486330
44.990;2.622169;0.494660
45.000;2.606545;0.502218
45.010;2.586726;0.509347
45.020;2.562466;0.516177
45.030;2.533662;0.522607
45.040;2.500470;0.528336
45.050;2.463495;0.532897
45.060;2.423984;0.535686
45.070;2.383887;0.536028
45.080;2.345679;0.533347
45.090;2.311970;0.527376
45.100;2.285038;0.518309
45.110;2.266450;0.506778
45.120;2.256889;0.493676
45.130;2.256172;0.479944
45.140;2.263426;0.466405
45.150;2.277338;0.453688
45.160;2.296426;0.442178
45.170;2.319282;0.431987
45.180;2.344743;0.422952
45.190;2.371950;0.414724
45.200;2.400302;0.406931
45.210;2.429328;0.399345
45.220;2.458526;0.391947
45.230;2.487228;0.384843
45.240;2.514567;0.378106
45.250;2.539571;0.371646
45.260;2.561380;0.365216
45.270;2.579495;0.358541
45.280;2.593954;0.351486
45.290;2.605350;0.344143
45.300;2.614665;0.336801
45.310;2.622951;0.329815
45.320;2.630977;0.323463
45.330;2.638966;0.317848
45.340;2.646536;0.312839
45.350;2.652859;0.308030
45.360;2.656966;0.302751
45.370;2.658063;0.296201
45.380;2.655697;0.287710
45.390;2.649731;0.277071
45.400;2.640151;0.264770
45.410;2.626878;0.252045
45.420;2.609695;0.240746
45.430;2.588336;0.233046
45.440;2.562671;0.231019
45.450;2.532883;0.236133
45.460;2.499552;0.248816
45.470;2.463672;0.268291
45.480;2.426616;0.292776
45.490;2.390085;0.320021
45.500;2.356004;0.347950
45.510;2.326378;0.375172
45.520;2.303115;0.401174
45.530;2.287818;0.426184
45.540;2.281562;0.450796
45.550;2.284705;0.475555
45.560;2.296784;0.500691
45.570;2.316580;0.526056
45.580;2.342344;0.551242
45.590;2.372163;0.575765
45.600;2.404346;0.599193
45.610;2.437726;0.621195
45.620;2.471758;0.641527
45.630;2.506377;0.659999
45.640;2.541689;0.676491
45.650;2.577634;0.690999
45.660;2.613791;0.703696
45.670;2.649381;0.714906
45.680;2.683437;0.725003
45.690;2.715008;0.734279
45.700;2.743276;0.742877
45.710;2.767563;0.750830
45.720;2.787254;0.758170
45.730;2.801753;0.765055
45.740;2.810538;0.771802
45.750;2.813305;0.778814
45.760;2.810072;0.786394
45.770;2.801152;0.794556
45.780;2.787013;0.802949
45.790;2.768157;0.810965
45.800;2.745122;0.817982
45.810;2.718625;0.823604
45.820;2.689720;0.827753
45.830;2.659861;0.830587
45.840;2.630786;0.832315
45.850;2.604231;0.833032
45.860;2.581566;0.832681
45.870;2.563462;0.831169
45.880;2.549708;0.828557
45.890;2.539232;0.825203
45.900;2.530359;0.821787
45.910;2.521255;0.819165
45.920;2.510448;0.818103
45.930;2.497277;0.819007
45.940;2.482147;0.821798
45.950;2.466474;0.826029
45.960;2.452299;0.831200
45.970;2.441657;0.837115
45.980;2.435894;0.844071
45.990;2.435201;0.852767
46.000;2.438574;0.863945
46.010;2.444213;0.877910
46.020;2.450188;0.894172
46.030;2.455072;0.911381
46.040;2.458292;0.927633
46.050;2.460067;0.941050
46.060;2.461020;0.950403
46.070;2.461673;0.955516
46.080;2.462113;0.957299
46.090;2.461941;0.957436
46.100;2.460478;0.957842
46.110;2.457104;0.960118
46.120;2.451577;0.965168
46.130;2.444222;0.973082
46.140;2.435928;0.983309
46.150;2.427969;0.995002
46.160;2.421763;1.007390
46.170;2.418726;1.020003
46.180;2.420288;1.032701
46.190;2.428005;1.045498
46.200;2.443589;1.058339
46.210;2.468709;1.070935
46.220;2.504534;1.082769
46.230;2.551177;1.093282
46.240;2.607283;1.102168
46.250;2.670006;1.109645
46.260;2.735466;1.116483
46.270;2.799571;1.123736
46.280;2.858907;1.132258
46.290;2.911385;1.142287
46.300;2.956450;1.153331
46.310;2.994801;1.164412
46.320;3.027760;1.174534
46.330;3.056529;1.183084
46.340;3.081639;1.190009
46.350;3.102769;1.195726
46.360;3.119021;1.200846
46.370;3.129515;1.205859
46.380;3.134044;1.210899
46.390;3.133500;1.215725
46.400;3.129856;1.219908
46.410;3.125635;1.223169
46.420;3.123039;1.225655
46.430;3.123036;1.228021
46.440;3.124830;1.231246
46.450;3.125969;1.236294
46.460;3.123074;1.243795
46.470;3.112911;1.253882
46.480;3.093439;1.266231
46.490;3.064515;1.280205
46.500;3.028065;1.295052
46.510;2.987706;1.310081
46.520;2.947920;1.324805
46.530;2.913037;1.339019
46.540;2.886312;1.352784
46.550;2.869346;1.366366
46.560;2.861978;1.380163
46.570;2.862647;1.394689
46.580;2.869053;1.410575
46.590;2.878870;1.428529
46.600;2.890278;1.449222
46.610;2.902164;1.473132
46.620;2.914020;1.500407
46.630;2.925675;1.530823
46.640;2.937056;1.563871
46.650;2.948117;1.598941
46.660;2.958925;1.635521
46.670;2.969819;1.673283
46.680;2.981489;1.712034
46.690;2.994864;1.751563
46.700;3.010817;1.791501
46.710;3.029758;1.831250
46.720;3.051284;1.870047
46.730;3.074082;1.907101
46.740;3.096142;1.941744
46.750;3.115272;1.973524
46.760;3.129712;2.002178
46.770;3.138650;2.027530
46.780;3.142416;2.049407
46.790;3.142286;2.067626
46.800;3.139998;2.082066
46.810;3.137201;2.092761
46.820;3.135089;2.099961
46.830;3.134318;2.104121
46.840;3.135150;2.105856
46.850;3.137595;2.105877
46.860;3.141424;2.104875
46.870;3.146001;2.103357
46.880;3.150131;2.101468
46.890;3.152092;2.098893
46.900;3.149963;2.094972
46.910;3.142156;2.089011
46.920;3.127945;2.080673
46.930;3.107780;2.070262
46.940;3.083255;2.058750
46.950;3.056762;2.047526
46.960;3.030970;2.037974
46.970;3.008340;2.031064
46.980;2.990783;2.027138
46.990;2.979531;2.025961
47.000;2.975168;2.026980
47.010;2.977737;2.029651
47.020;2.986838;2.033702
47.030;3.001678;2.039234
47.040;3.021107;2.046672
47.050;3.043660;2.056586
47.060;3.067646;2.069491
47.070;3.091330;2.085729
47.080;3.113222;2.105461
47.090;3.132424;2.128734
47.100;3.148931;2.155521
47.110;3.163701;2.185669
47.120;3.178413;2.218817
47.130;3.194956;2.254370
47.140;3.214852;2.291561
47.150;3.238824;2.329596
47.160;3.266676;2.367806
47.170;3.297459;2.405769
47.180;3.329836;2.443320
47.190;3.362479;2.480474
47.200;3.394412;2.517291
47.210;3.425214;2.553767
47.220;3.455055;2.589773
47.230;3.484553;2.625022
47.240;3.514480;2.659058
47.250;3.545420;2.691298
47.260;3.577531;2.721126
47.270;3.610507;2.748039
47.280;3.643742;2.771759
47.290;3.676543;2.792247
47.300;3.708243;2.809593
47.310;3.738150;2.823851
47.320;3.765436;2.834928
47.330;3.789114;2.842617
47.340;3.808152;2.846740
47.350;3.821695;2.847279
47.360;3.829339;2.844437
47.370;3.831349;2.838621
47.380;3.828765;2.830410
47.390;3.823292;2.820535
47.400;3.816933;2.809862
47.410;3.811420;2.799325
47.420;3.807615;2.789798
47.430;3.805095;2.781906
47.440;3.802106;2.775881
47.450;3.795915;2.771495
47.460;3.783463;2.768115
47.470;3.762120;2.764812
47.480;3.730320;2.760495
47.490;3.687906;2.754018
47.500;3.636138;2.744301
47.510;3.577374;2.730436
47.520;3.514527;2.711790
47.530;3.450466;2.688084
47.540;3.387523;2.659398
47.550;3.327259;2.626159
47.560;3.270518;2.589119
47.570;3.217734;2.549332
47.580;3.169321;2.508083
47.590;3.125937;2.466706
47.600;3.088483;2.426312
47.610;3.057797;2.387493
47.620;3.034175;2.350193
47.630;3.016948;2.313828
47.640;3.004338;2.277654
47.650;2.993696;2.241182
47.660;2.982024;2.204410
47.670;2.966575;2.167771
47.680;2.945267;2.131833
47.690;2.916824;2.096901
47.700;2.880662;2.062717
47.710;2.836689;2.028385
47.720;2.785139;1.992604
47.730;2.726496;1.954132
47.740;2.661473;1.912324
47.750;2.590981;1.867518
47.760;2.516055;1.821039
47.770;2.437763;1.774803
47.780;2.357156;1.730638
47.790;2.275341;1.689638
47.800;2.193668;1.651803
47.810;2.113908;1.616136
47.820;2.038276;1.581138
47.830;1.969219;1.545483
47.840;1.909046;1.508602
47.850;1.859529;1.470939
47.860;1.821597;1.433801
47.870;1.795204;1.398895
47.880;1.779386;1.367757
47.890;1.772510;1.341297
47.900;1.772644;1.319654
47.910;1.777995;1.302380
47.920;1.787252;1.288803
47.930;1.799709;1.278365
47.940;1.815069;1.270726
47.950;1.832992;1.265615
47.960;1.852608;1.262552
47.970;1.872262;1.260649
47.980;1.889699;1.258676
47.990;1.902642;1.255390
48.000;1.909544;1.249976
48.010;1.910145;1.242360
48.020;1.905573;1.233192
48.030;1.897939;1.223498
48.040;1.889626;1.214222
48.050;1.882594;1.205939
48.060;1.877968;1.198871
48.070;1.876034;1.193114
48.080;1.876566;1.188859
48.090;1.879331;1.186423
48.100;1.884549;1.186077
48.110;1.893147;1.187782
48.120;1.906710;1.190993
48.130;1.927188;1.194666
48.140;1.956501;1.197498
48.150;1.996176;1.198301
48.160;2.047112;1.196345
48.170;2.109466;1.191542
48.180;2.182612;1.184426
48.190;2.265098;1.175966
48.200;2.354607;1.167247
48.210;2.447952;1.159079
48.220;2.541207;1.151653
48.230;2.630020;1.144351
48.240;2.710109;1.135798
48.250;2.777872;1.124173
48.260;2.830930;1.107676
48.270;2.868424;1.084991
48.280;2.890955;1.055602
48.290;2.900223;1.019914
48.300;2.898574;0.979165
48.310;2.888576;0.935184
48.320;2.872693;0.890074
48.330;2.852981;0.845887
48.340;2.830802;0.804357
48.350;2.806629;0.766674
48.360;2.780068;0.733351
48.370;2.750125;0.704217
48.380;2.715704;0.678613
48.390;2.676219;0.655736
48.400;2.632139;0.635021
48.410;2.585262;0.616413
48.420;2.538558;0.600444
48.430;2.495575;0.588108
48.440;2.459590;0.580538
48.450;2.432804;0.578571
48.460;2.415883;0.582389
48.470;2.407994;0.591442
48.480;2.407280;0.604689
48.490;2.411537;0.621033
48.500;2.418795;0.639708
48.510;2.427612;0.660434
48.520;2.437046;0.683320
48.530;2.446395;0.708628
48.540;2.454873;0.736549
48.550;2.461367;0.767083
48.560;2.464373;0.800016
48.570;2.462189;0.834899
48.580;2.453298;0.870979
48.590;2.436835;0.907104
48.600;2.412910;0.941747
48.610;2.382658;0.973227
48.620;2.347965;1.000080
48.630;2.310953;1.021423
48.640;2.273410;1.037101
48.650;2.236333;1.047593
48.660;2.199765;1.053712
48.670;2.162943;1.056304
48.680;2.124710;1.056095
48.690;2.083983;1.053768
48.700;2.040168;1.050127
48.710;1.993403;1.046193
48.720;1.944586;1.043075
48.730;1.895222;1.041687
48.740;1.847135;1.042440
48.750;1.802190;1.045096
48.760;1.762085;1.048834
48.770;1.728237;1.052507
48.780;1.701703;1.055001
48.790;1.683061;1.055560
48.800;1.672271;1.053976
48.810;1.668593;1.050562
48.820;1.670659;1.045963
48.830;1.676737;1.040909
48.840;1.685134;1.036010
48.850;1.694601;1.031646
48.860;1.704540;1.027916
48.870;1.714921;1.024661
48.880;1.725940;1.021538
48.890;1.737653;1.018143
48.900;1.749784;1.014167
48.910;1.761874;1.009534
48.920;1.773707;1.004520
48.930;1.785858;0.999831
48.940;1.800049;0.996602
48.950;1.819108;0.996266
48.960;1.846419;1.000237
48.970;1.884993;1.009472
48.980;1.936446;1.024050
48.990;2.000315;1.043010
49.000;2.074006;1.064575
49.010;2.153450;1.086666
49.020;2.234221;1.107460
49.030;2.312669;1.125756
49.040;2.386673;1.141029
49.050;2.455833;1.153254
49.060;2.521134;1.162649
49.070;2.584267;1.169510
49.080;2.646834;1.174215
49.090;2.709705;1.177348
49.100;2.772709;1.179796
49.110;2.834750;1.182687
49.120;2.894266;1.187169
49.130;2.949848;1.194142
49.140;3.000789;1.204093
49.150;3.047370;1.217071
49.160;3.090760;1.232685
49.170;3.132546;1.250095
49.180;3.174034;1.268037
49.190;3.215595;1.284966
49.200;3.256320;1.299361
49.210;3.294138;1.310088
49.220;3.326374;1.316674
49.230;3.350534;1.319388
49.240;3.365042;1.319108
49.250;3.369669;1.317025
49.260;3.365535;1.314319
49.270;3.354674;1.311909
49.280;3.339324;1.310351
49.290;3.321172;1.309884
49.300;3.300823;1.310555
49.310;3.277715;1.312331
49.320;3.250480;1.315132
49.330;3.217614;1.318779
49.340;3.178165;1.322919
49.350;3.132189;1.327007
49.360;3.080800;1.330410
49.370;3.025838;1.332602
49.380;2.969357;1.333346
49.390;2.913162;1.332762
49.400;2.858607;1.331273
49.410;2.806692;1.329518
49.420;2.758351;1.328262
49.430;2.714711;1.328333
49.440;2.677126;1.330537
49.450;2.646953;1.335569
49.460;2.625173;1.343943
49.470;2.612049;1.355956
49.480;2.607013;1.371665
49.490;2.608835;1.390850
49.500;2.615992;1.412971
49.510;2.627082;1.437147
49.520;2.641102;1.462206
49.530;2.657499;1.486803
49.540;2.676020;1.509616
49.550;2.696432;1.529595
49.560;2.718265;1.546197
49.570;2.740736;1.559538
49.580;2.762927;1.570371
49.590;2.784211;1.579874
49.600;2.804750;1.589321
49.610;2.825819;1.599717
49.620;2.849751;1.611502
49.630;2.879405;1.624401
49.640;2.917293;1.637469
49.650;2.964676;1.649370
49.660;3.020975;1.658821
49.670;3.083744;1.665084
49.680;3.149201;1.668307
49.690;3.213089;1.669572
49.700;3.271582;1.670607
49.710;3.321957;1.673251
49.720;3.362911;1.678831
49.730;3.394480;1.687685
49.740;3.417662;1.699035
49.750;3.433956;1.711239
49.760;3.445013;1.722326
49.770;3.452513;1.730610
49.780;3.458176;1.735181
49.790;3.463791;1.736123
49.800;3.471091;1.734418
49.810;3.481482;1.731592
49.820;3.495693;1.729244
49.830;3.513534;1.728649
49.840;3.533879;1.730532
49.850;3.554918;1.735062
49.860;3.574579;1.742006
49.870;3.590955;1.750930
49.880;3.602616;1.761346
49.890;3.608715;1.772726
49.900;3.608921;1.784435
49.910;3.603215;1.795632
49.920;3.591681;1.805234
49.930;3.574379;1.812013
49.940;3.551382;1.814812
49.950;3.522971;1.812838
49.960;3.489902;1.805868
49.970;3.453627;1.794298
49.980;3.416348;1.779044
49.990;3.380781;1.761342
50.000;3.349678;1.742539
50.010;3.325239;1.723903
50.020;3.308651;1.706454
50.030;3.299930;1.690826
50.040;3.298052;1.677187
50.050;3.301272;1.665261
50.060;3.307526;1.654496
50.070;3.314818;1.644315
50.080;3.321548;1.634331
50.090;3.326703;1.624423
50.100;3.329903;1.614651
50.110;3.331322;1.605111
50.120;3.331536;1.595852
50.130;3.331320;1.586923
50.140;3.331429;1.578508
50.150;3.332379;1.571037
50.160;3.334289;1.565138
50.170;3.336822;1.561397
50.180;3.339232;1.560039
50.190;3.340515;1.560700
50.200;3.339675;1.562422
50.210;3.336034;1.563878
50.220;3.329525;1.563753
50.230;3.320829;1.561125
50.240;3.311311;1.555747
50.250;3.302712;1.548106
50.260;3.296690;1.539255
50.270;3.294360;1.530480
50.280;3.296043;1.522939
50.290;3.301325;1.517402
50.300;3.309396;1.514141
50.310;3.319507;1.512955
50.320;3.331404;1.513267
50.330;3.345544;1.514262
50.340;3.363043;1.515034
50.350;3.385329;1.514717
50.360;3.413676;1.512565
50.370;3.448778;1.507981
50.380;3.490532;1.500486
50.390;3.538071;1.489722
50.400;3.589975;1.475548
50.410;3.644558;1.458196
50.420;3.700134;1.438405
50.430;3.755210;1.417388
50.440;3.808591;1.396610
50.450;3.859416;1.377458
50.460;3.907113;1.360950
50.470;3.951291;1.347571
50.480;3.991616;1.337277
50.490;4.027706;1.329610
50.500;4.059099;1.323867
50.510;4.085275;1.319280
50.520;4.105726;1.315153
50.530;4.120050;1.310932
50.540;4.128023;1.306141
50.550;4.129613;1.300251
50.560;4.124959;1.292563
50.570;4.114332;1.282225
50.580;4.098122;1.268404
50.590;4.076838;1.250538
50.600;4.051136;1.228581
50.610;4.021860;1.203148
50.620;3.990067;1.175497
50.630;3.956971;1.147324
50.640;3.923743;1.120406
50.650;3.891222;1.096177
50.660;3.859659;1.075384
50.670;3.828676;1.057944
50.680;3.797516;1.043058
50.690;3.765520;1.029545
50.700;3.732616;1.016278
50.710;3.699561;1.002557
50.720;3.667778;0.988292
50.730;3.638837;0.973918
50.740;3.613789;0.960127
50.750;3.592659;0.947516
50.760;3.574314;0.936350
50.770;3.556813;0.926513
50.780;3.538124;0.917670
50.790;3.516948;0.909533
50.800;3.493296;0.902096
50.810;3.468573;0.895740
50.820;3.445095;0.891186
50.830;3.425222;0.889323
50.840;3.410463;0.890987
50.850;3.400914;0.896713
50.860;3.395226;0.906546
50.870;3.391096;0.919937
50.880;3.386043;0.935799
50.890;3.378174;0.952721
50.900;3.366657;0.969268
50.910;3.351732;0.984250
50.920;3.334303;0.996829
50.930;3.315288;1.006463
50.940;3.295052;1.012749
50.950;3.273189;1.015323
50.960;3.248793;1.013907
50.970;3.221103;1.008525
50.980;3.190191;0.999756
50.990;3.157320;0.988857
51.000;3.124730;0.977582
51.010;3.094886;0.967693
51.020;3.069505;0.960350
51.030;3.048798;0.955654
51.040;3.031263;0.952594
51.050;3.014111;0.949432
51.060;2.994102;0.944303
51.070;2.968463;0.935749
51.080;2.935530;0.922984
51.090;2.894988;0.905865
51.100;2.847704;0.884745
51.110;2.795343;0.860324
51.120;2.739929;0.833577
51.130;2.683490;0.805701
51.140;2.627850;0.778013
51.150;2.574520;0.751775
51.160;2.524669;0.727989
51.170;2.479093;0.707212
51.180;2.438199;0.689446
51.190;2.402065;0.674125
51.200;2.370573;0.660269
51.210;2.343595;0.646761
51.220;2.321128;0.632694
51.230;2.303289;0.617642
51.240;2.290164;0.601737
51.250;2.281578;0.585549
51.260;2.276894;0.569804
51.270;2.274978;0.555089
51.280;2.274340;0.541672
51.290;2.273384;0.529517
51.300;2.270668;0.518472
51.310;2.265077;0.508506
51.320;2.255884;0.499835
51.330;2.242698;0.492863
51.340;2.225372;0.487944
51.350;2.203970;0.485130
51.360;2.178836;0.484071
51.370;2.150759;0.484172
51.380;2.121119;0.484940
51.390;2.091863;0.486338
51.400;2.065221;0.488979
51.410;2.043215;0.494010
51.420;2.027129;0.502718
51.430;2.017171;0.516012
51.440;2.012475;0.533988
51.450;2.011466;0.555771
51.460;2.012425;0.579702
51.470;2.014016;0.603803
51.480;2.015572;0.626325
51.490;2.017114;0.646205
51.500;2.019154;0.663254
51.510;2.022437;0.678052
51.520;2.027719;0.691635
51.530;2.035663;0.705099
51.540;2.046836;0.719271
51.550;2.061771;0.734543
51.560;2.080986;0.750874
51.570;2.104898;0.767932
51.580;2.133637;0.785271
51.590;2.166848;0.802469
51.600;2.203569;0.819196
51.610;2.242282;0.835201
51.620;2.281170;0.850298
51.630;2.318540;0.864408
51.640;2.353327;0.877669
51.650;2.385465;0.890523
51.660;2.415977;0.903634
51.670;2.446635;0.917614
51.680;2.479282;0.932654
51.690;2.515026;0.948250
51.700;2.553638;0.963200
51.710;2.593405;0.975927
51.720;2.631508;0.985027
51.730;2.664810;0.989809
51.740;2.690775;0.990580
51.750;2.708209;0.988606
51.760;2.717613;0.985792
51.770;2.721023;0.984261
51.780;2.721431;0.985915
51.790;2.721978;0.992071
51.800;2.725177;1.003208
51.810;2.732403;1.018916
51.820;2.743748;1.038053
51.830;2.758236;1.059096
51.840;2.774293;1.080522
51.850;2.790327;1.101145
51.860;2.805292;1.120333
51.870;2.819078;1.138087
51.880;2.832616;1.154972
51.890;2.847670;1.171878
51.900;2.866357;1.189668
51.910;2.890540;1.208822
51.920;2.921259;1.229208
51.930;2.958397;1.250091
51.940;3.000688;1.270377
51.950;3.046054;1.288997
51.960;3.092116;1.305278
51.970;3.136691;1.319149
51.980;3.178095;1.331126
51.990;3.215187;1.342070
52.000;3.247205;1.352844
52.010;3.273567;1.364017
52.020;3.293773;1.375736
52.030;3.307451;1.387807
52.040;3.314490;1.399864
52.050;3.315130;1.411526
52.060;3.309939;1.422447
52.070;3.299693;1.432300
52.080;3.285242;1.440737
52.090;3.267458;1.447376
52.100;3.247251;1.451824
52.110;3.225621;1.453744
52.120;3.203683;1.452978
52.130;3.182603;1.449708
52.140;3.163474;1.444584
52.150;3.147172;1.438702
52.160;3.134290;1.433380
52.170;3.125190;1.429784
52.180;3.120132;1.428605
52.190;3.119417;1.429944
52.200;3.123461;1.433453
52.210;3.132772;1.438621
52.220;3.147862;1.445058
52.230;3.169133;1.452674
52.240;3.196793;1.461683
52.250;3.230849;1.472464
52.260;3.271204;1.485385
52.270;3.317817;1.500694
52.280;3.370865;1.518522
52.290;3.430759;1.538945
52.300;3.497984;1.562015
52.310;3.572767;1.587706
52.320;3.654695;1.615823
52.330;3.742442;1.645920
52.340;3.833757;1.677296
52.350;3.925742;1.709082
52.360;4.015341;1.740364
52.370;4.099839;1.770290
52.380;4.177222;1.798109
52.390;4.246345;1.823168
52.400;4.306915;1.844872
52.410;4.359318;1.862691
52.420;4.404324;1.876207
52.430;4.442775;1.885186
52.440;4.475361;1.889590
52.450;4.502562;1.889506
52.460;4.524744;1.885031
52.470;4.542296;1.876226
52.480;4.555705;1.863171
52.490;4.565513;1.846058
52.500;4.572196;1.825222
52.510;4.576029;1.801066
52.520;4.576965;1.773952
52.530;4.574587;1.744172
52.540;4.568172;1.712006
52.550;4.556924;1.677819
52.560;4.540357;1.642088
52.570;4.518700;1.605361
52.580;4.493163;1.568201
52.590;4.465944;1.531139
52.600;4.439981;1.494636
52.610;4.418531;1.459046
52.620;4.404696;1.424623
52.630;4.401011;1.391588
52.640;4.409147;1.360248
52.650;4.429768;1.331083
52.660;4.462531;1.304748
52.670;4.506197;1.281956
52.680;4.558829;1.263315
52.690;4.618025;1.249179
52.700;4.681185;1.239557
52.710;4.745795;1.234047
52.720;4.809727;1.231776
52.730;4.871514;1.231428
52.740;4.930538;1.231438
52.750;4.987054;1.230347
52.760;5.042005;1.227170
52.770;5.096691;1.221628
52.780;5.152445;1.214170
52.790;5.210434;1.205804
52.800;5.271607;1.197809
52.810;5.336749;1.191448
52.820;5.406551;1.187770
52.830;5.481607;1.187529
52.840;5.562278;1.191148
52.850;5.648473;1.198694
52.860;5.739450;1.209835
52.870;5.833766;1.223828
52.880;5.929448;1.239585
52.890;6.024313;1.255831
52.900;6.116334;1.271336
52.910;6.203910;1.285127
52.920;6.286007;1.296589
52.930;6.362179;1.305429
52.940;6.432521;1.311599
52.950;6.497585;1.315261
52.960;6.558267;1.316815
52.970;6.615653;1.316914
52.980;6.670869;1.316399
52.990;6.724977;1.316171
53.000;6.778891;1.317045
53.010;6.833314;1.319660
53.020;6.888658;1.324457
53.030;6.944973;1.331707
53.040;7.001925;1.341530
53.050;7.058818;1.353911
53.060;7.114676;1.368706
53.070;7.168364;1.385667
53.080;7.218747;1.404450
53.090;7.264835;1.424590
53.100;7.305875;1.445447
53.110;7.341367;1.466132
53.120;7.371018;1.485498
53.130;7.394693;1.502206
53.140;7.412399;1.514879
53.150;7.424299;1.522338
53.160;7.430713;1.523870
53.170;7.432065;1.519442
53.180;7.428777;1.509741
53.190;7.421138;1.496016
53.200;7.409212;1.479785
53.210;7.392837;1.462566
53.220;7.371753;1.445710
53.230;7.345838;1.430331
53.240;7.315351;1.417266
53.250;7.281068;1.407003
53.260;7.244215;1.399553
53.270;7.206208;1.394344
53.280;7.168254;1.390220
53.290;7.130955;1.385639
53.300;7.094027;1.379033
53.310;7.056275;1.369214
53.320;7.015887;1.355657
53.330;6.970992;1.338577
53.340;6.920330;1.318814
53.350;6.863785;1.297633
53.360;6.802569;1.276515
53.370;6.738973;1.257006
53.380;6.675767;1.240596
53.390;6.615501;1.228618
53.400;6.559938;1.222145
53.410;6.509839;1.221940
53.420;6.465099;1.228471
53.430;6.425110;1.241999
53.440;6.389118;1.262717
53.450;6.356402;1.290856
53.460;6.326268;1.326706
53.470;6.297982;1.370509
53.480;6.270753;1.422258
53.490;6.243781;1.481485
53.500;6.216334;1.547123
53.510;6.187770;1.617501
53.520;6.157482;1.690478
53.530;6.124805;1.763690
53.540;6.088963;1.834825
53.550;6.049143;1.901879
53.560;6.004696;1.963366
53.570;5.955384;2.018436
53.580;5.901554;2.066861
53.590;5.844093;2.108839
53.600;5.784155;2.144703
53.610;5.722747;2.174630
53.620;5.660309;2.198494
53.630;5.596468;2.215912
53.640;5.530010;2.226456
53.650;5.459065;2.229989
53.660;5.381372;2.226975
53.670;5.294515;2.218682
53.680;5.196037;2.207159
53.690;5.083509;2.194933
53.700;4.954708;2.184473
53.710;4.808011;2.177545
53.720;4.642996;2.174700
53.730;4.461051;2.175085
53.740;4.265705;2.176684
53.750;4.062448;2.176906
53.760;3.858021;2.173324
53.770;3.659364;2.164349
53.780;3.472532;2.149643
53.790;3.301885;2.130162
53.800;3.149721;2.107842
53.810;3.016404;2.085029
53.820;2.900868;2.063903
53.830;2.801280;2.046101
53.840;2.715647;2.032668
53.850;2.642172;2.024234
53.860;2.579324;2.021242
53.870;2.525690;2.024014
53.880;2.479732;2.032619
53.890;2.439604;2.046646
53.900;2.403100;2.065049
53.910;2.367765;2.086230
53.920;2.331140;2.108359
53.930;2.291099;2.129827
53.940;2.246189;2.149615
53.950;2.195893;2.167425
53.960;2.140691;2.183505
53.970;2.081874;2.198292
53.980;2.021140;2.212082
53.990;1.960097;2.224891
54.000;1.899856;2.236574
54.010;1.840863;2.247115
54.020;1.783050;2.256887
54.030;1.726199;2.266690
54.040;1.670377;2.277485
54.050;1.616236;2.289988
54.060;1.565096;2.304367
54.070;1.518770;2.320204
54.080;1.479202;2.336680
54.090;1.448024;2.352832
54.100;1.426191;2.367739
54.110;1.413778;2.380648
54.120;1.410004;2.391085
54.130;1.413509;2.398992
54.140;1.422851;2.404849
54.150;1.437155;2.409696
54.160;1.456728;2.414980
54.170;1.483408;2.422255
54.180;1.520393;2.432783
54.190;1.571460;2.447192
54.200;1.639671;2.465291
54.210;1.725989;2.486168
54.220;1.828384;2.508544
54.230;1.941877;2.531291
54.240;2.059597;2.553884
54.250;2.174460;2.576589
54.260;2.280883;2.600302
54.270;2.375928;2.626081
54.280;2.459523;2.654560
54.290;2.533713;2.685450
54.300;2.601343;2.717321
54.310;2.664795;2.747812
54.320;2.725414;2.774218
54.330;2.783793;2.794262
54.340;2.840625;2.806717
54.350;2.897516;2.811652
54.360;2.957249;2.810271
54.370;3.023365;2.804473
54.380;3.099264;2.796347
54.390;3.187244;2.787758
54.400;3.287822;2.780129
54.410;3.399550;2.774394
54.420;3.519294;2.771057
54.430;3.642826;2.770274
54.440;3.765537;2.771903
54.450;3.883115;2.775475
54.460;3.992103;2.780135
54.470;4.090291;2.784617
54.480;4.176914;2.787405
54.490;4.252604;2.787098
54.500;4.319064;2.782896
54.510;4.378533;2.774964
54.520;4.433187;2.764470
54.530;4.484646;2.753261
54.540;4.533689;2.743328
54.550;4.580227;2.736326
54.560;4.623477;2.733334
54.570;4.662205;2.734911
54.580;4.694911;2.741295
54.590;4.719856;2.752572
54.600;4.734962;2.768671
54.610;4.737787;2.789231
54.620;4.725725;2.813400
54.630;4.696490;2.839715
54.640;4.648764;2.866132
54.650;4.582802;2.890259
54.660;4.500747;2.909799
54.670;4.406467;2.923092
54.680;4.304889;2.929608
54.690;4.201043;2.930201
54.700;4.099173;2.927034
54.710;4.002248;2.923151
54.720;3.911997;2.921816
54.730;3.829330;2.925812
54.740;3.754864;2.936924
54.750;3.689298;2.955772
54.760;3.633487;2.982031
54.770;3.588191;3.014943
54.780;3.553653;3.053884
54.790;3.529196;3.098758
54.800;3.513051;3.150056
54.810;3.502520;3.208576
54.820;3.494415;3.275000
54.830;3.485608;3.349504
54.840;3.473481;3.431581
54.850;3.456176;3.520047
54.860;3.432652;3.613171
54.870;3.402633;3.708841
54.880;3.366468;3.804784
54.890;3.324988;3.898845
54.900;3.279395;3.989289
54.910;3.231236;4.074991
54.920;3.182426;4.155432
54.930;3.135186;4.230507
54.940;3.091806;4.300259
54.950;3.054219;4.364668
54.960;3.023574;4.423587
54.970;2.999970;4.476827
54.980;2.982458;4.524301
54.990;2.969246;4.566120
55.000;2.958024;4.602561
55.010;2.946323;4.633913
55.020;2.931858;4.660287
55.030;2.912837;4.681500
55.040;2.888185;4.697091
55.050;2.857617;4.706489
55.060;2.821518;4.709266
55.070;2.780645;4.705402
55.080;2.735763;4.695410
55.090;2.687374;4.680247
55.100;2.635654;4.661053
55.110;2.580585;4.638909
55.120;2.522248;4.614775
55.130;2.461155;4.589634
55.140;2.398518;4.564671
55.150;2.336360;4.541302
55.160;2.277400;4.520909
55.170;2.224681;4.504424
55.180;2.181014;4.491964
55.190;2.148405;4.482762
55.200;2.127668;4.475451
55.210;2.118385;4.468577
55.220;2.119193;4.461131
55.230;2.128241;4.452906
55.240;2.143619;4.444539
55.250;2.163588;4.437256
55.260;2.186597;4.432439
55.270;2.211136;4.431175
55.280;2.235592;4.433959
55.290;2.258257;4.440593
55.300;2.277550;4.450272
55.310;2.292337;4.461785
55.320;2.302189;4.473761
55.330;2.307422;4.484846
55.340;2.308906;4.493793
55.350;2.307759;4.499506
55.360;2.305038;4.501081
55.370;2.301539;4.497892
55.380;2.297754;4.489684
55.390;2.293963;4.476653
55.400;2.290415;4.459500
55.410;2.287485;4.439430
55.420;2.285703;4.418091
55.430;2.285603;4.397412
55.440;2.287432;4.379320
55.450;2.290868;4.365348
55.460;2.294915;4.356259
55.470;2.298036;4.351825
55.480;2.298483;4.350848
55.490;2.294698;4.351364
55.500;2.285648;4.350906
55.510;2.271026;4.346747
55.520;2.251273;4.336111
55.530;2.227492;4.316412
55.540;2.201267;4.285586
55.550;2.174459;4.242477
55.560;2.148963;4.187147
55.570;2.126442;4.120910
55.580;2.108096;4.045983
55.590;2.094566;3.964874
55.600;2.086016;3.879750
55.610;2.082345;3.792037
55.620;2.083433;3.702367
55.630;2.089326;3.610814
55.640;2.100338;3.517295
55.650;2.117055;3.421968
55.660;2.140211;3.325493
55.670;2.170458;3.229058
55.680;2.208109;3.134180
55.690;2.252934;3.042343
55.700;2.304087;2.954626
55.710;2.360204;2.871432
55.720;2.419619;2.792420
55.730;2.480635;2.716648
55.740;2.541721;2.642878
55.750;2.601560;2.569898
55.760;2.658986;2.496755
55.770;2.712871;2.422844
55.780;2.762084;2.347892
55.790;2.805525;2.271904
55.800;2.842231;2.195082
55.810;2.871549;2.117696
55.820;2.893366;2.039954
55.830;2.908302;1.961902
55.840;2.917733;1.883405
55.850;2.923572;1.804212
55.860;2.927855;1.724089
55.870;2.932299;1.643007
55.880;2.938009;1.561362
55.890;2.945433;1.480147
55.900;2.954523;1.400967
55.910;2.964941;1.325829
55.920;2.976178;1.256741
55.930;2.987544;1.195275
55.940;2.998102;1.142230
55.950;3.006633;1.097517
55.960;3.011646;1.060226
55.970;3.011473;1.028817
55.980;3.004443;1.001381
55.990;2.989139;0.975931
56.000;2.964669;0.950694
56.010;2.930864;0.924314
56.020;2.888343;0.895894
56.030;2.838492;0.864889
56.040;2.783354;0.830985
56.050;2.725438;0.794120
56.060;2.667395;0.754669
56.070;2.611624;0.713663
56.080;2.559935;0.672858
56.090;2.513413;0.634539
56.100;2.472498;0.601102
56.110;2.437240;0.574549
56.120;2.407631;0.556052
56.130;2.383871;0.545705
56.140;2.366422;0.542526
56.150;2.355793;0.544721
56.160;2.352094;0.550101
56.170;2.354578;0.556565
56.180;2.361424;0.562519
56.190;2.369957;0.567122
56.200;2.377284;0.570278
56.210;2.381131;0.572396
56.220;2.380534;0.574035
56.230;2.376103;0.575603
56.240;2.369768;0.577217
56.250;2.364070;0.578734
56.260;2.361276;0.579914
56.270;2.362650;0.580581
56.280;2.368180;0.580752
56.290;2.376841;0.580694
56.300;2.387222;0.580935
56.310;2.398221;0.582252
56.320;2.409530;0.585619
56.330;2.421761;0.592117
56.340;2.436190;0.602835
56.350;2.454205;0.618757
56.360;2.476684;0.640646
56.370;2.503589;0.668898
56.380;2.533971;0.703379
56.390;2.566391;0.743320
56.400;2.599563;0.787321
56.410;2.632899;0.833502
56.420;2.666770;0.879735
56.430;2.702394;0.923913
56.440;2.741412;0.964217
56.450;2.785342;0.999337
56.460;2.835099;1.028645
56.470;2.890746;1.052258
56.480;2.951492;1.070999
56.490;3.015858;1.086210
56.500;3.081898;1.099466
56.510;3.147381;1.112219
56.520;3.209939;1.125476
56.530;3.267196;1.139615
56.540;3.316940;1.154426
56.550;3.357351;1.169369
56.560;3.387263;1.183941
56.570;3.406384;1.198006
56.580;3.415365;1.211963
56.590;3.415671;1.226704
56.600;3.409241;1.243374
56.610;3.398052;1.263033
56.620;3.383780;1.286347
56.630;3.367705;1.313389
56.640;3.350866;1.343575
56.650;3.334288;1.375738
56.660;3.319093;1.408377
56.670;3.306407;1.440057
56.680;3.297177;1.469830
56.690;3.292025;1.497538
56.700;3.291236;1.523855
56.710;3.294894;1.550037
56.720;3.303079;1.577486
56.730;3.316025;1.607323
56.740;3.334143;1.640164
56.750;3.357866;1.676144
56.760;3.387339;1.715126
56.770;3.422099;1.756940
56.780;3.460911;1.801525
56.790;3.501893;1.848900
56.800;3.542932;1.898971
56.810;3.582269;1.951281
56.820;3.619029;2.004845
56.830;3.653483;2.058186
56.840;3.686948;2.109576
56.850;3.721335;2.157367
56.860;3.758532;2.200287
56.870;3.799834;2.237589
56.880;3.845615;2.269062
56.890;3.895311;2.294945
56.900;3.947675;2.315792
56.910;4.001134;2.332321
56.920;4.054135;2.345223
56.930;4.105383;2.354966
56.940;4.154019;2.361694
56.950;4.199715;2.365259
56.960;4.242709;2.365377
56.970;4.283759;2.361849
56.980;4.324028;2.354755
56.990;4.364901;2.344572
57.000;4.407765;2.332174
57.010;4.453782;2.318715
57.020;4.503694;2.305400
57.030;4.557700;2.293253
57.040;4.615461;2.282931
57.050;4.676245;2.274649
57.060;4.739144;2.268239
57.070;4.803262;2.263319
57.080;4.867827;2.259505
57.090;4.932210;2.256610
57.100;4.995922;2.254730
57.110;5.058617;2.254221
57.120;5.120112;2.255578
57.130;5.180408;2.259266
57.140;5.239669;2.265599
57.150;5.298143;2.274711
57.160;5.356058;2.286610
57.170;5.413484;2.301263
57.180;5.470208;2.318608
57.190;5.525665;2.338460
57.200;5.578971;2.360339
57.210;5.629087;2.383335
57.220;5.675035;2.406128
57.230;5.716090;2.427213
57.240;5.751840;2.445279
57.250;5.782080;2.459556
57.260;5.806589;2.469971
57.270;5.824882;2.477024
57.280;5.836087;2.481474
57.290;5.839018;2.483990
57.300;5.832423;2.484915
57.310;5.815321;2.484196
57.320;5.787307;2.481417
57.330;5.748741;2.475866
57.340;5.700762;2.466617
57.350;5.645095;2.452633
57.360;5.583710;2.432886
57.370;5.518449;2.406448
57.380;5.450772;2.372576
57.390;5.381707;2.330815
57.400;5.311947;2.281130
57.410;5.242028;2.223977
57.420;5.172498;2.160228
57.430;5.104057;2.090955
57.440;5.037643;2.017180
57.450;4.974423;1.939688
57.460;4.915630;1.858953
57.470;4.862271;1.775115
57.480;4.814802;1.688002
57.490;4.772921;1.597209
57.500;4.735602;1.502296
57.510;4.701360;1.403114
57.520;4.668643;1.300125
57.530;4.636211;1.194564
57.540;4.603351;1.088289
57.550;4.569876;0.983388
57.560;4.535958;0.881732
57.570;4.501896;0.784674
57.580;4.467919;0.693003
57.590;4.434083;0.607136
57.600;4.400231;0.527384
57.610;4.366005;0.454108
57.620;4.330888;0.387619
57.630;4.294286;0.327869
57.640;4.255635;0.274131
57.650;4.214535;0.224907
57.660;4.170876;0.178171
57.670;4.124905;0.131869
57.680;4.077222;0.084491
57.690;4.028713;0.035519
57.700;3.980478;-0.014369
57.710;3.933789;-0.063374
57.720;3.890089;-0.108890
57.730;3.850986;-0.148015
57.740;3.818158;-0.178157
57.750;3.793105;-0.197613
57.760;3.776785;-0.205964
57.770;3.769278;-0.204185
57.780;3.769656;-0.194413
57.790;3.776156;-0.179431
57.800;3.786583;-0.162011
57.810;3.798768;-0.144324
57.820;3.810910;-0.127558
57.830;3.821718;-0.111839
57.840;3.830388;-0.096419
57.850;3.836517;-0.080055
57.860;3.840042;-0.061427
57.870;3.841274;-0.039423
57.880;3.841018;-0.013233
57.890;3.840713;0.017696
57.900;3.842463;0.053712
57.910;3.848865;0.094917
57.920;3.862572;0.141059
57.930;3.885661;0.191435
57.940;3.918946;0.244931
57.950;3.961490;0.300179
57.960;4.010558;0.355782
57.970;4.062070;0.410500
57.980;4.111445;0.463367
57.990;4.154534;0.513732
58.000;4.188393;0.561237
58.010;4.211713;0.605718
58.020;4.224841;0.647085
58.030;4.229430;0.685252
58.040;4.227857;0.720187
58.050;4.222598;0.752087
58.060;4.215771;0.781575
58.070;4.208936;0.809845
58.080;4.203131;0.838625
58.090;4.198998;0.869910
58.100;4.196905;0.905529
58.110;4.196980;0.946705
58.120;4.199103;0.993815
58.130;4.202873;1.046468
58.140;4.207629;1.103820
58.150;4.212528;1.164947
58.160;4.216701;1.229086
58.170;4.219426;1.295693
58.180;4.220312;1.364371
58.190;4.219408;1.434753
58.200;4.217192;1.506398
58.210;4.214415;1.578709
58.220;4.211827;1.650868
58.230;4.209926;1.721820
58.240;4.208789;1.790322
58.250;4.208040;1.855067
58.260;4.206931;1.914884
58.270;4.204493;1.968979
58.280;4.199743;2.017175
58.290;4.191881;2.060033
58.300;4.180448;2.098780
58.310;4.165397;2.135010
58.320;4.147088;2.170280
58.330;4.126223;2.205717
58.340;4.103754;2.241773
58.350;4.080777;2.278170
58.360;4.058427;2.314061
58.370;4.037768;2.348339
58.380;4.019685;2.379986
58.390;4.004747;2.408333
58.400;3.993104;2.433187
58.410;3.984441;2.454845
58.420;3.978024;2.474043
58.430;3.972861;2.491868
58.440;3.967920;2.509586
58.450;3.962359;2.528417
58.460;3.955685;2.549294
58.470;3.947794;2.572645
58.480;3.938880;2.598256
58.490;3.929302;2.625234
58.500;3.919483;2.652103
58.510;3.909875;2.677059
58.520;3.900966;2.698352
58.530;3.893259;2.714729
58.540;3.887196;2.725817
58.550;3.883076;2.732310
58.560;3.880997;2.735866
58.570;3.880838;2.738707
58.580;3.882305;2.743048
58.590;3.884980;2.750536
58.600;3.888383;2.761899
58.610;3.892003;2.776844
58.620;3.895309;2.794169
58.630;3.897725;2.812038
58.640;3.898609;2.828386
58.650;3.897208;2.841385
58.660;3.892613;2.849849
58.670;3.883754;2.853467
58.680;3.869509;2.852807
58.690;3.848953;2.849091
58.700;3.821721;2.843811
58.710;3.788323;2.838312
58.720;3.750248;2.833454
58.730;3.709777;2.829486
58.740;3.669554;2.826160
58.750;3.632094;2.823025
58.760;3.599402;2.819751
58.770;3.572775;2.816342
58.780;3.552801;2.813182
58.790;3.539498;2.810938
58.800;3.532508;2.810350
58.810;3.531252;2.811997
58.820;3.534984;2.816111
58.830;3.542745;2.822503
58.840;3.553282;2.830655
58.850;3.564979;2.839913
58.860;3.575891;2.849712
58.870;3.583890;2.859753
58.880;3.586937;2.870067
58.890;3.583448;2.880966
58.900;3.572664;2.892911
58.910;3.554943;2.906325
58.920;3.531850;2.921397
58.930;3.505934;2.937892
58.940;3.480193;2.955060
58.950;3.457339;2.971692
58.960;3.439110;2.986401
58.970;3.425875;2.998055
58.980;3.416692;3.006186
58.990;3.409769;3.011184
59.000;3.403141;3.014171
59.010;3.395299;3.016642
59.020;3.385581;3.020063
59.030;3.374246;3.025596
59.040;3.362283;3.034009
59.050;3.351011;3.045714
59.060;3.341605;3.060846
59.070;3.334686;3.079355
59.080;3.330149;3.101105
59.090;3.327303;3.125975
59.100;3.325255;3.153888
59.110;3.323342;3.184753
59.120;3.321406;3.218289
59.130;3.319803;3.253834
59.140;3.319203;3.290257
59.150;3.320298;3.326068
59.160;3.323586;3.359703
59.170;3.329284;3.389901
59.180;3.337350;3.416039
59.190;3.347529;3.438313
59.200;3.359378;3.457727
59.210;3.372277;3.475840
59.220;3.385487;3.494339
59.230;3.398262;3.514541
59.240;3.410002;3.537015
59.250;3.420407;3.561450
59.260;3.429565;3.586831
59.270;3.437993;3.611806
59.280;3.446607;3.635103
59.290;3.456628;3.655845
59.300;3.469393;3.673678
59.310;3.486092;3.688686
59.320;3.507476;3.701133
59.330;3.533643;3.711164
59.340;3.564002;3.718648
59.350;3.597392;3.723272
59.360;3.632320;3.724797
59.370;3.667195;3.723310
59.380;3.700521;3.719285
59.390;3.731053;3.713474
59.400;3.757936;3.706691
59.410;3.780798;3.699633
59.420;3.799784;3.692796
59.430;3.815491;3.686475
59.440;3.828825;3.680788
59.450;3.840784;3.675688
59.460;3.852213;3.670957
59.470;3.863593;3.666204
59.480;3.874935;3.660948
59.490;3.885831;3.654780
59.500;3.895643;3.647561
59.510;3.903790;3.639528
59.520;3.910019;3.631231
59.530;3.914578;3.623320
59.540;3.918251;3.616333
59.550;3.922240;3.610560
59.560;3.927946;3.606045
59.570;3.936685;3.602658
59.580;3.949400;3.600161
59.590;3.966445;3.598223
59.600;3.987554;3.596392
59.610;4.012039;3.594074
59.620;4.039152;3.590578
59.630;4.068473;3.585232
59.640;4.100116;3.577560
59.650;4.134669;3.567477
59.660;4.172908;3.555384
59.670;4.215423;3.542095
59.680;4.262343;3.528556
59.690;4.313250;3.515429
59.700;4.367291;3.502759
59.710;4.423419;3.489906
59.720;4.480618;3.475810
59.730;4.538031;3.459455
59.740;4.594933;3.440297
59.750;4.650632;3.418447
59.760;4.704392;3.394566
59.770;4.755448;3.369565
59.780;4.803094;3.344281
59.790;4.846810;3.319272
59.800;4.886348;3.294802
59.810;4.921748;3.270984
59.820;4.953264;3.248027
59.830;4.981219;3.226424
59.840;5.005871;3.206996
59.850;5.027339;3.190785
59.860;5.045652;3.178844
59.870;5.060897;3.172038
59.880;5.073420;3.170849
59.890;5.083946;3.175216
59.900;5.093485;3.184422
59.910;5.102990;3.197140
59.920;5.112777;3.211669
59.930;5.121900;3.226350
59.940;5.127721;3.240003
59.950;5.125982;3.252218
59.960;5.111599;3.263342
59.970;5.080198;3.274168
59.980;5.030025;3.285463
59.990;4.963472;3.297576
60.000;4.887288;3.310322
